dist	 eta-scaled	Opt	Trust	Greedy	TrustGreedy	 eta-unslaced
0	0	15235	15235	10315	15235	0
38	0.002	15235	15217	10315	15232	37
77	0.004	15235	15212	10315	15231	75
115	0.007	15235	15188	10315	15230	112
154	0.009	15235	15175	10315	15230	145
193	0.011	15235	15153	10315	15225	180
231	0.013	15235	15134	10315	15226	213
270	0.016	15235	15142	10315	15223	244
308	0.018	15235	15112	10315	15221	276
347	0.02	15235	15084	10315	15218	310
386	0.022	15235	15063	10315	15223	340
424	0.024	15235	15069	10315	15223	370
463	0.026	15235	15038	10315	15217	397
501	0.028	15235	15030	10315	15213	427
540	0.03	15235	15043	10315	15216	458
579	0.032	15235	15005	10315	15217	490
617	0.033	15235	15001	10315	15215	517
656	0.035	15235	14974	10315	15214	546
694	0.037	15235	14958	10315	15216	575
733	0.039	15235	14953	10315	15214	599
772	0.04	15235	14917	10315	15204	621
810	0.042	15235	14906	10315	15211	645
849	0.043	15235	14912	10315	15205	668
887	0.045	15235	14887	10315	15205	691
926	0.047	15235	14849	10315	15203	721
965	0.049	15235	14834	10315	15200	748
1003	0.05	15235	14833	10315	15203	769
1042	0.052	15235	14836	10315	15200	796
1080	0.054	15235	14810	10315	15199	828
1119	0.055	15235	14771	10315	15188	851
1158	0.057	15235	14758	10315	15181	880
1196	0.059	15235	14776	10315	15189	907
1235	0.061	15235	14749	10315	15191	934
1273	0.063	15235	14714	10315	15178	960
1312	0.064	15235	14730	10315	15183	985
1351	0.066	15235	14686	10315	15186	1009
1389	0.067	15235	14698	10315	15179	1034
1428	0.069	15235	14618	10315	15161	1057
1466	0.071	15235	14609	10315	15177	1082
1505	0.072	15235	14622	10315	15179	1107
1544	0.074	15235	14607	10315	15176	1133
1582	0.075	15235	14609	10315	15174	1157
1621	0.077	15235	14611	10315	15181	1186
1659	0.079	15235	14559	10315	15171	1210
1698	0.08	15235	14516	10315	15167	1234
1737	0.082	15235	14531	10315	15165	1254
1775	0.083	15235	14495	10315	15167	1279
1814	0.085	15235	14500	10315	15156	1301
1852	0.086	15235	14440	10315	15144	1320
1891	0.088	15235	14466	10315	15158	1344
1930	0.089	15235	14473	10315	15169	1369
1968	0.091	15235	14446	10315	15157	1387
2007	0.092	15235	14435	10315	15167	1409
2045	0.093	15235	14405	10315	15157	1429
2084	0.095	15235	14388	10315	15152	1451
2123	0.096	15235	14409	10315	15156	1469
2161	0.098	15235	14341	10315	15155	1497
2200	0.099	15235	14359	10315	15157	1519
2238	0.101	15235	14316	10315	15159	1543
2277	0.102	15235	14332	10315	15149	1564
2316	0.103	15235	14318	10315	15159	1584
2354	0.105	15235	14288	10315	15138	1602
2393	0.106	15235	14286	10315	15142	1629
2431	0.108	15235	14245	10315	15147	1647
2470	0.109	15235	14243	10315	15152	1666
2509	0.11	15235	14213	10315	15142	1687
2547	0.112	15235	14223	10315	15146	1712
2586	0.113	15235	14160	10315	15120	1734
2624	0.115	15235	14185	10315	15136	1755
2663	0.117	15235	14180	10315	15140	1783
2702	0.118	15235	14131	10315	15141	1808
2740	0.119	15235	14153	10315	15128	1827
2779	0.121	15235	14158	10315	15139	1853
2817	0.123	15235	14080	10315	15137	1878
2856	0.124	15235	14116	10315	15114	1900
2895	0.126	15235	14067	10315	15116	1922
2933	0.127	15235	14035	10315	15130	1946
2972	0.129	15235	14063	10315	15118	1966
3010	0.13	15235	14044	10315	15127	1992
3049	0.132	15235	14070	10315	15124	2019
3088	0.133	15235	14043	10315	15135	2039
3126	0.135	15235	14000	10315	15113	2060
3165	0.136	15235	13937	10315	15110	2073
3203	0.137	15235	13972	10315	15111	2095
3242	0.139	15235	13908	10315	15105	2124
3281	0.14	15235	13905	10315	15110	2145
3319	0.141	15235	13933	10315	15118	2158
3358	0.142	15235	13855	10315	15110	2177
3396	0.144	15235	13898	10315	15106	2196
3435	0.145	15235	13863	10315	15103	2220
3474	0.147	15235	13825	10315	15115	2242
3512	0.148	15235	13883	10315	15116	2265
3551	0.15	15235	13828	10315	15093	2287
3589	0.151	15235	13798	10315	15102	2308
3628	0.152	15235	13803	10315	15105	2324
3667	0.154	15235	13775	10315	15106	2347
3705	0.155	15235	13757	10315	15109	2373
3744	0.157	15235	13750	10315	15103	2393
3782	0.157	15235	13729	10315	15100	2406
3821	0.159	15235	13740	10315	15083	2425
3860	0.16	15235	13691	10315	15083	2446
3898	0.161	15235	13666	10315	15084	2466
3937	0.162	15235	13658	10315	15075	2481
3976	0.163	15235	13666	10315	15097	2496
4014	0.165	15235	13635	10315	15088	2517
4053	0.166	15235	13677	10315	15097	2539
4091	0.168	15235	13612	10315	15100	2563
4130	0.169	15235	13594	10315	15073	2581
4169	0.17	15235	13582	10315	15077	2599
4207	0.171	15235	13580	10315	15087	2618
4246	0.173	15235	13524	10315	15086	2637
4284	0.174	15235	13524	10315	15069	2661
4323	0.175	15235	13514	10315	15086	2679
4362	0.177	15235	13477	10315	15067	2703
4400	0.178	15235	13494	10315	15067	2721
4439	0.179	15235	13476	10315	15076	2738
4477	0.18	15235	13436	10315	15067	2756
4516	0.182	15235	13452	10315	15061	2773
4555	0.183	15235	13501	10315	15057	2791
4593	0.184	15235	13425	10315	15073	2806
4632	0.185	15235	13361	10315	15049	2830
4670	0.187	15235	13400	10315	15074	2852
4709	0.188	15235	13397	10315	15068	2871
4748	0.189	15235	13382	10315	15072	2889
4786	0.19	15235	13358	10315	15049	2909
4825	0.192	15235	13253	10315	15049	2927
4863	0.193	15235	13246	10315	15047	2945
4902	0.194	15235	13300	10315	15059	2964
4941	0.195	15235	13271	10315	15078	2986
4979	0.197	15235	13288	10315	15061	3007
5018	0.199	15235	13271	10315	15068	3033
5056	0.2	15235	13274	10315	15041	3052
5095	0.201	15235	13181	10315	15044	3067
5134	0.202	15235	13194	10315	15048	3090
5172	0.204	15235	13158	10315	15061	3111
5211	0.205	15235	13162	10315	15046	3135
5249	0.207	15235	13094	10315	15036	3156
5288	0.208	15235	13114	10315	15056	3172
5327	0.209	15235	13170	10315	15045	3194
5365	0.211	15235	13086	10315	15045	3215
5404	0.212	15235	13081	10315	15031	3235
5442	0.213	15235	13096	10315	15045	3257
5481	0.214	15235	13070	10315	15020	3269
5520	0.215	15235	13019	10315	15028	3284
5558	0.216	15235	13050	10315	15048	3298
5597	0.217	15235	13044	10315	15048	3313
5635	0.218	15235	13052	10315	15057	3330
5674	0.219	15235	12959	10315	15022	3347
5713	0.22	15235	12980	10315	15027	3364
5751	0.221	15235	12984	10315	15036	3381
5790	0.223	15235	12940	10315	15040	3406
5828	0.224	15235	12922	10315	15020	3427
5867	0.226	15235	12929	10315	15013	3449
5906	0.227	15235	12899	10315	15020	3466
5944	0.228	15235	12853	10315	15030	3486
5983	0.229	15235	12839	10315	15033	3503
6021	0.23	15235	12820	10315	15027	3518
6060	0.232	15235	12851	10315	15025	3536
6099	0.233	15235	12834	10315	15025	3554
6137	0.234	15235	12830	10315	15032	3572
6176	0.235	15235	12834	10315	15020	3587
6214	0.236	15235	12698	10315	14997	3609
6253	0.238	15235	12796	10315	15011	3631
6292	0.24	15235	12762	10315	15013	3657
6330	0.241	15235	12705	10315	15003	3677
6369	0.242	15235	12673	10315	15026	3695
6407	0.243	15235	12745	10315	15008	3716
6446	0.245	15235	12675	10315	15004	3735
6485	0.246	15235	12654	10315	15006	3756
6523	0.247	15235	12603	10315	15001	3775
6562	0.248	15235	12596	10315	15000	3792
6600	0.249	15235	12677	10315	15028	3808
6639	0.25	15235	12649	10315	15003	3822
6678	0.252	15235	12555	10315	14989	3845
6716	0.253	15235	12597	10315	15006	3863
6755	0.255	15235	12553	10315	14994	3886
6793	0.256	15235	12536	10315	15000	3905
6832	0.257	15235	12477	10315	14972	3927
6871	0.259	15235	12539	10315	14972	3946
6909	0.26	15235	12488	10315	14985	3962
6948	0.261	15235	12533	10315	14971	3980
6986	0.262	15235	12483	10315	14965	4002
7025	0.263	15235	12445	10315	14974	4019
7064	0.265	15235	12444	10315	14973	4038
7102	0.266	15235	12386	10315	14961	4056
7141	0.267	15235	12440	10315	14993	4074
7179	0.268	15235	12360	10315	14966	4091
7218	0.269	15235	12367	10315	14959	4103
7257	0.27	15235	12340	10315	14967	4121
7295	0.271	15235	12360	10315	14982	4137
7334	0.272	15235	12317	10315	14967	4154
7372	0.273	15235	12284	10315	14972	4171
7411	0.274	15235	12326	10315	14982	4186
7450	0.275	15235	12270	10315	14949	4202
7488	0.277	15235	12277	10315	14963	4222
7527	0.278	15235	12277	10315	14967	4241
7565	0.279	15235	12292	10315	14966	4262
7604	0.281	15235	12216	10315	14945	4282
7643	0.282	15235	12213	10315	14979	4303
7681	0.283	15235	12224	10315	14938	4324
7720	0.284	15235	12191	10315	14960	4339
7759	0.285	15235	12173	10315	14950	4357
7797	0.287	15235	12111	10315	14959	4375
7836	0.288	15235	12113	10315	14946	4393
7874	0.289	15235	12103	10315	14971	4411
7913	0.29	15235	12121	10315	14949	4431
7952	0.292	15235	12088	10315	14948	4449
7990	0.293	15235	12057	10315	14945	4465
8029	0.294	15235	12040	10315	14947	4489
8067	0.295	15235	12037	10315	14946	4505
8106	0.297	15235	12051	10315	14938	4525
8145	0.298	15235	12013	10315	14934	4544
8183	0.299	15235	11971	10315	14939	4563
8222	0.3	15235	11967	10315	14942	4579
8260	0.301	15235	11967	10315	14933	4593
8299	0.302	15235	12028	10315	14961	4608
8338	0.303	15235	11955	10315	14929	4624
8376	0.304	15235	11904	10315	14930	4642
8415	0.306	15235	11905	10315	14940	4663
8453	0.307	15235	11910	10315	14919	4682
8492	0.308	15235	11854	10315	14923	4697
8531	0.309	15235	11867	10315	14920	4721
8569	0.31	15235	11796	10315	14922	4730
8608	0.311	15235	11835	10315	14921	4748
8646	0.312	15235	11882	10315	14915	4768
8685	0.314	15235	11760	10315	14912	4785
8724	0.315	15235	11790	10315	14940	4804
8762	0.316	15235	11825	10315	14934	4821
8801	0.317	15235	11777	10315	14919	4836
8839	0.318	15235	11757	10315	14933	4856
8878	0.319	15235	11717	10315	14908	4871
8917	0.321	15235	11617	10315	14897	4892
8955	0.322	15235	11650	10315	14924	4907
8994	0.323	15235	11718	10315	14905	4925
9032	0.324	15235	11629	10315	14911	4943
9071	0.325	15235	11641	10315	14899	4959
9110	0.326	15235	11627	10315	14887	4978
9148	0.328	15235	11627	10315	14891	4998
9187	0.329	15235	11571	10315	14926	5020
9225	0.33	15235	11619	10315	14893	5038
9264	0.331	15235	11555	10315	14911	5055
9303	0.332	15235	11554	10315	14902	5073
9341	0.333	15235	11531	10315	14896	5085
9380	0.335	15235	11553	10315	14910	5106
9418	0.336	15235	11558	10315	14895	5119
9457	0.337	15235	11489	10315	14897	5139
9496	0.338	15235	11472	10315	14884	5154
9534	0.339	15235	11428	10315	14883	5165
9573	0.34	15235	11428	10315	14894	5182
9611	0.341	15235	11474	10315	14893	5206
9650	0.342	15235	11350	10315	14889	5223
9689	0.344	15235	11437	10315	14888	5242
9727	0.345	15235	11425	10315	14885	5257
9766	0.345	15235	11346	10315	14887	5268
9804	0.347	15235	11345	10315	14882	5289
9843	0.348	15235	11318	10315	14885	5305
9882	0.349	15235	11386	10315	14892	5326
9920	0.35	15235	11287	10315	14879	5342
9959	0.351	15235	11284	10315	14896	5353
9997	0.352	15235	11340	10315	14883	5364
10036	0.353	15235	11261	10315	14871	5383
10075	0.354	15235	11237	10315	14857	5398
10113	0.355	15235	11268	10315	14878	5409
10152	0.356	15235	11283	10315	14860	5425
10190	0.357	15235	11185	10315	14884	5441
10229	0.358	15235	11178	10315	14867	5456
10268	0.358	15235	11149	10315	14852	5469
10306	0.36	15235	11149	10315	14855	5486
10345	0.361	15235	11122	10315	14864	5502
10383	0.362	15235	11250	10315	14861	5517
10422	0.363	15235	11116	10315	14867	5536
10461	0.364	15235	11106	10315	14868	5552
10499	0.365	15235	11065	10315	14866	5570
10538	0.366	15235	11056	10315	14867	5587
10576	0.367	15235	11084	10315	14859	5606
10615	0.369	15235	11116	10315	14867	5624
10654	0.37	15235	10958	10315	14838	5644
10692	0.371	15235	10978	10315	14855	5659
10731	0.372	15235	11004	10315	14861	5673
10769	0.373	15235	10976	10315	14888	5690
10808	0.374	15235	10927	10315	14840	5706
10847	0.375	15235	10886	10315	14846	5718
10885	0.376	15235	10931	10315	14844	5736
10924	0.377	15235	10904	10315	14824	5745
10962	0.377	15235	10863	10315	14850	5758
11001	0.378	15235	10910	10315	14873	5766
11040	0.379	15235	10868	10315	14858	5785
11078	0.38	15235	10836	10315	14827	5800
11117	0.381	15235	10807	10315	14840	5818
11155	0.382	15235	10900	10315	14837	5834
11194	0.383	15235	10801	10315	14858	5845
11233	0.384	15235	10824	10315	14843	5859
11271	0.385	15235	10789	10315	14854	5874
11310	0.386	15235	10708	10315	14827	5891
11348	0.387	15235	10729	10315	14818	5909
11387	0.389	15235	10787	10315	14827	5932
11426	0.39	15235	10738	10315	14873	5947
11464	0.391	15235	10747	10315	14847	5961
11503	0.392	15235	10710	10315	14821	5980
11541	0.393	15235	10638	10315	14815	5994
11580	0.394	15235	10641	10315	14822	6012
11619	0.395	15235	10597	10315	14819	6028
11657	0.396	15235	10605	10315	14797	6037
11696	0.397	15235	10607	10315	14813	6059
11735	0.398	15235	10561	10315	14812	6078
11773	0.399	15235	10589	10315	14828	6093
11812	0.401	15235	10566	10315	14797	6111
11850	0.402	15235	10580	10315	14835	6130
11889	0.403	15235	10500	10315	14841	6152
11928	0.404	15235	10468	10315	14816	6170
11966	0.405	15235	10496	10315	14806	6184
12005	0.406	15235	10479	10315	14823	6199
12043	0.407	15235	10441	10315	14810	6215
12082	0.408	15235	10440	10315	14811	6229
12121	0.41	15235	10472	10315	14825	6249
12159	0.411	15235	10388	10315	14808	6266
12198	0.412	15235	10374	10315	14799	6282
12236	0.412	15235	10429	10315	14791	6289
12275	0.414	15235	10391	10315	14801	6309
12314	0.414	15235	10377	10315	14796	6322
12352	0.416	15235	10369	10315	14806	6338
12391	0.417	15235	10347	10315	14779	6353
12429	0.418	15235	10272	10315	14789	6369
12468	0.418	15235	10352	10315	14826	6382
12507	0.419	15235	10249	10315	14806	6398
12545	0.421	15235	10246	10315	14790	6414
12584	0.422	15235	10261	10315	14795	6430
12622	0.422	15235	10219	10315	14777	6443
12661	0.424	15235	10260	10315	14778	6460
12700	0.425	15235	10276	10315	14791	6479
12738	0.426	15235	10245	10315	14785	6496
12777	0.427	15235	10159	10315	14787	6512
12815	0.428	15235	10100	10315	14789	6525
12854	0.429	15235	10142	10315	14784	6543
12893	0.43	15235	10105	10315	14793	6561
12931	0.431	15235	10130	10315	14770	6574
12970	0.432	15235	10102	10315	14776	6590
13008	0.433	15235	10022	10315	14762	6608
13047	0.435	15235	10007	10315	14753	6630
13086	0.435	15235	10004	10315	14805	6642
13124	0.437	15235	10088	10315	14792	6661
13163	0.438	15235	10025	10315	14770	6677
13201	0.439	15235	10008	10315	14752	6689
13240	0.44	15235	10090	10315	14790	6705
13279	0.44	15235	9993	10315	14748	6718
13317	0.441	15235	10035	10315	14748	6733
13356	0.443	15235	9976	10315	14777	6750
13394	0.443	15235	9905	10315	14777	6763
13433	0.445	15235	9871	10315	14756	6783
13472	0.446	15235	9891	10315	14764	6797
13510	0.447	15235	9809	10315	14767	6817
13549	0.448	15235	9898	10315	14751	6835
13587	0.449	15235	9863	10315	14758	6852
13626	0.45	15235	9778	10315	14769	6866
13665	0.451	15235	9858	10315	14754	6885
13703	0.452	15235	9739	10315	14753	6900
13742	0.453	15235	9763	10315	14734	6914
13780	0.454	15235	9784	10315	14755	6928
13819	0.455	15235	9789	10315	14753	6945
13858	0.456	15235	9776	10315	14756	6958
13896	0.457	15235	9775	10315	14764	6974
13935	0.458	15235	9738	10315	14734	6985
13973	0.459	15235	9708	10315	14737	7000
14012	0.46	15235	9685	10315	14721	7014
14051	0.461	15235	9645	10315	14750	7031
14089	0.462	15235	9654	10315	14746	7047
14128	0.463	15235	9650	10315	14746	7060
14166	0.464	15235	9578	10315	14746	7073
14205	0.465	15235	9643	10315	14767	7090
14244	0.465	15235	9599	10315	14779	7099
14282	0.467	15235	9540	10315	14755	7116
14321	0.468	15235	9669	10315	14746	7130
14359	0.469	15235	9567	10315	14742	7148
14398	0.47	15235	9458	10315	14740	7162
14437	0.471	15235	9480	10315	14753	7179
14475	0.472	15235	9462	10315	14736	7193
14514	0.473	15235	9494	10315	14749	7211
14552	0.474	15235	9446	10315	14704	7231
14591	0.475	15235	9462	10315	14720	7245
14630	0.476	15235	9473	10315	14744	7261
14668	0.477	15235	9400	10315	14721	7282
14707	0.478	15235	9424	10315	14733	7297
14745	0.48	15235	9513	10315	14735	7313
14784	0.481	15235	9384	10315	14735	7329
14823	0.482	15235	9319	10315	14707	7348
14861	0.483	15235	9265	10315	14711	7361
14900	0.484	15235	9282	10315	14750	7379
14938	0.485	15235	9289	10315	14712	7397
14977	0.486	15235	9297	10315	14714	7412
15016	0.487	15235	9273	10315	14717	7423
15054	0.488	15235	9254	10315	14738	7442
15093	0.489	15235	9239	10315	14715	7451
15131	0.49	15235	9288	10315	14707	7473
15170	0.491	15235	9242	10315	14712	7489
15209	0.492	15235	9134	10315	14730	7503
15247	0.493	15235	9160	10315	14706	7518
15286	0.494	15235	9161	10315	14703	7532
15324	0.495	15235	9166	10315	14703	7548
15363	0.496	15235	9188	10315	14728	7564
15402	0.497	15235	9144	10315	14703	7577
15440	0.498	15235	9097	10315	14733	7591
15479	0.499	15235	9173	10315	14686	7603
15518	0.5	15235	9089	10315	14681	7618
15556	0.501	15235	9065	10315	14686	7637
15595	0.502	15235	9057	10315	14720	7648
15633	0.502	15235	9030	10315	14709	7663
15672	0.504	15235	9021	10315	14702	7680
15711	0.505	15235	8996	10315	14722	7697
15749	0.506	15235	8934	10315	14705	7713
15788	0.507	15235	9135	10315	14704	7726
15826	0.507	15235	8952	10315	14686	7736
15865	0.508	15235	8945	10315	14683	7753
15904	0.509	15235	9021	10315	14711	7768
15942	0.51	15235	8996	10315	14712	7781
15981	0.512	15235	8973	10315	14697	7803
16019	0.512	15235	8954	10315	14711	7811
16058	0.513	15235	8914	10315	14717	7829
16097	0.514	15235	8881	10315	14705	7842
16135	0.515	15235	8899	10315	14719	7849
16174	0.516	15235	8852	10315	14694	7863
16212	0.516	15235	8784	10315	14664	7876
16251	0.518	15235	8757	10315	14669	7892
16290	0.518	15235	8685	10315	14671	7906
16328	0.52	15235	8799	10315	14673	7923
16367	0.52	15235	8730	10315	14679	7933
16405	0.521	15235	8727	10315	14677	7947
16444	0.522	15235	8768	10315	14673	7955
16483	0.522	15235	8739	10315	14682	7967
16521	0.523	15235	8704	10315	14666	7983
16560	0.525	15235	8726	10315	14673	8002
16598	0.526	15235	8736	10315	14692	8015
16637	0.527	15235	8653	10315	14674	8030
16676	0.527	15235	8702	10315	14647	8036
16714	0.528	15235	8695	10315	14671	8051
16753	0.529	15235	8594	10315	14666	8070
16791	0.53	15235	8559	10315	14667	8087
16830	0.531	15235	8598	10315	14667	8098
16869	0.532	15235	8551	10315	14654	8116
16907	0.533	15235	8512	10315	14618	8129
16946	0.534	15235	8541	10315	14641	8143
16984	0.535	15235	8514	10315	14655	8161
17023	0.536	15235	8489	10315	14666	8181
17062	0.537	15235	8471	10315	14647	8194
17100	0.538	15235	8492	10315	14652	8211
17139	0.539	15235	8536	10315	14636	8223
17177	0.54	15235	8379	10315	14643	8239
17216	0.541	15235	8410	10315	14629	8251
17255	0.542	15235	8401	10315	14638	8267
17293	0.543	15235	8373	10315	14634	8283
17332	0.544	15235	8378	10315	14641	8293
17370	0.545	15235	8422	10315	14658	8308
17409	0.546	15235	8315	10315	14635	8320
17448	0.546	15235	8335	10315	14631	8333
17486	0.547	15235	8301	10315	14627	8347
17525	0.548	15235	8318	10315	14605	8361
17563	0.549	15235	8319	10315	14627	8376
17602	0.55	15235	8265	10315	14612	8391
17641	0.551	15235	8284	10315	14626	8404
17679	0.552	15235	8294	10315	14635	8417
17718	0.553	15235	8301	10315	14627	8431
17756	0.554	15235	8303	10315	14613	8444
17795	0.555	15235	8177	10315	14599	8459
17834	0.556	15235	8271	10315	14622	8477
17872	0.557	15235	8222	10315	14647	8491
17911	0.558	15235	8220	10315	14624	8503
17949	0.558	15235	8242	10315	14620	8512
17988	0.56	15235	8114	10315	14605	8532
18027	0.561	15235	8076	10315	14590	8547
18065	0.561	15235	8119	10315	14616	8558
18104	0.562	15235	8099	10315	14607	8569
18142	0.563	15235	8060	10315	14643	8583
18181	0.564	15235	7919	10315	14592	8595
18220	0.565	15235	8070	10315	14611	8611
18258	0.566	15235	8018	10315	14583	8627
18297	0.567	15235	7949	10315	14592	8645
18335	0.568	15235	7954	10315	14616	8656
18374	0.569	15235	8002	10315	14622	8673
18413	0.569	15235	8059	10315	14605	8683
18451	0.571	15235	7971	10315	14614	8701
18490	0.572	15235	7922	10315	14624	8718
18528	0.573	15235	7941	10315	14592	8730
18567	0.573	15235	7890	10315	14599	8743
18606	0.574	15235	7842	10315	14628	8753
18644	0.575	15235	7874	10315	14591	8769
18683	0.576	15235	7912	10315	14602	8783
18721	0.577	15235	7868	10315	14597	8795
18760	0.578	15235	7767	10315	14608	8808
18799	0.579	15235	7788	10315	14611	8825
18837	0.58	15235	7828	10315	14570	8839
18876	0.581	15235	7711	10315	14557	8856
18914	0.582	15235	7768	10315	14582	8875
18953	0.583	15235	7718	10315	14567	8886
18992	0.584	15235	7745	10315	14579	8899
19030	0.585	15235	7688	10315	14578	8914
19069	0.585	15235	7729	10315	14584	8923
19107	0.586	15235	7724	10315	14598	8931
19146	0.587	15235	7589	10315	14591	8946
19185	0.588	15235	7612	10315	14589	8963
19223	0.589	15235	7642	10315	14583	8979
19262	0.59	15235	7680	10315	14576	8992
19301	0.59	15235	7574	10315	14566	9003
19339	0.591	15235	7564	10315	14539	9015
19378	0.593	15235	7593	10315	14566	9035
19416	0.593	15235	7598	10315	14554	9047
19455	0.594	15235	7543	10315	14554	9060
19494	0.595	15235	7527	10315	14570	9075
19532	0.596	15235	7527	10315	14583	9088
19571	0.597	15235	7434	10315	14561	9105
19609	0.598	15235	7506	10315	14564	9122
19648	0.599	15235	7432	10315	14577	9137
19687	0.601	15235	7463	10315	14549	9158
19725	0.602	15235	7445	10315	14559	9175
19764	0.603	15235	7375	10315	14543	9190
19802	0.604	15235	7435	10315	14556	9210
19841	0.605	15235	7413	10315	14565	9224
19880	0.606	15235	7421	10315	14564	9241
19918	0.607	15235	7348	10315	14541	9255
19957	0.608	15235	7335	10315	14611	9271
19995	0.609	15235	7326	10315	14584	9291
20034	0.611	15235	7269	10315	14522	9310
20073	0.611	15235	7361	10315	14533	9317
20111	0.612	15235	7229	10315	14522	9332
20150	0.613	15235	7249	10315	14536	9344
20188	0.614	15235	7291	10315	14517	9358
20227	0.615	15235	7245	10315	14537	9372
20266	0.616	15235	7236	10315	14521	9385
20304	0.616	15235	7203	10315	14551	9397
20343	0.617	15235	7161	10315	14546	9407
20381	0.618	15235	7057	10315	14506	9419
20420	0.618	15235	7248	10315	14549	9429
20459	0.619	15235	7123	10315	14543	9444
20497	0.621	15235	7071	10315	14527	9461
20536	0.621	15235	7162	10315	14531	9472
20574	0.622	15235	7167	10315	14552	9487
20613	0.623	15235	7150	10315	14529	9495
20652	0.624	15235	7135	10315	14529	9511
20690	0.625	15235	7107	10315	14552	9529
20729	0.626	15235	7017	10315	14532	9547
20767	0.627	15235	7124	10315	14520	9554
20806	0.628	15235	7071	10315	14523	9568
20845	0.629	15235	7056	10315	14528	9585
20883	0.629	15235	6971	10315	14547	9593
20922	0.63	15235	6989	10315	14505	9601
20960	0.631	15235	6953	10315	14514	9617
20999	0.632	15235	6894	10315	14548	9631
21038	0.633	15235	6849	10315	14526	9646
21076	0.633	15235	6921	10315	14503	9656
21115	0.634	15235	6842	10315	14487	9670
21153	0.635	15235	6783	10315	14517	9684
21192	0.636	15235	6876	10315	14492	9701
21231	0.637	15235	6854	10315	14503	9715
21269	0.638	15235	6875	10315	14496	9729
21308	0.639	15235	6775	10315	14509	9745
21346	0.64	15235	6806	10315	14490	9758
21385	0.641	15235	6762	10315	14501	9770
21424	0.641	15235	6739	10315	14502	9777
21462	0.642	15235	6741	10315	14515	9788
21501	0.643	15235	6816	10315	14496	9798
21539	0.644	15235	6751	10315	14503	9813
21578	0.645	15235	6639	10315	14502	9828
21617	0.645	15235	6706	10315	14499	9840
21655	0.647	15235	6767	10315	14500	9860
21694	0.648	15235	6670	10315	14463	9876
21732	0.648	15235	6693	10315	14505	9886
21771	0.65	15235	6642	10315	14498	9905
21810	0.651	15235	6669	10315	14495	9924
21848	0.652	15235	6657	10315	14512	9938
21887	0.653	15235	6581	10315	14497	9959
21925	0.654	15235	6620	10315	14487	9974
21964	0.655	15235	6547	10315	14465	9987
22003	0.656	15235	6564	10315	14464	10003
22041	0.657	15235	6449	10315	14498	10013
22080	0.658	15235	6495	10315	14491	10026
22118	0.658	15235	6433	10315	14475	10037
22157	0.659	15235	6504	10315	14448	10044
22196	0.66	15235	6503	10315	14497	10056
22234	0.661	15235	6513	10315	14460	10072
22273	0.662	15235	6378	10315	14485	10089
22311	0.663	15235	6341	10315	14442	10105
22350	0.664	15235	6403	10315	14476	10118
22389	0.665	15235	6396	10315	14468	10133
22427	0.665	15235	6364	10315	14485	10143
22466	0.666	15235	6269	10315	14470	10156
22504	0.667	15235	6326	10315	14479	10166
22543	0.668	15235	6248	10315	14467	10180
22582	0.669	15235	6311	10315	14491	10194
22620	0.67	15235	6256	10315	14478	10208
22659	0.671	15235	6293	10315	14492	10223
22697	0.671	15235	6237	10315	14481	10235
22736	0.672	15235	6277	10315	14479	10247
22775	0.673	15235	6265	10315	14490	10259
22813	0.674	15235	6209	10315	14461	10270
22852	0.675	15235	6188	10315	14457	10286
22890	0.676	15235	6231	10315	14454	10299
22929	0.676	15235	6168	10315	14454	10314
22968	0.677	15235	6081	10315	14451	10326
23006	0.679	15235	6124	10315	14458	10345
23045	0.679	15235	6130	10315	14473	10358
23083	0.68	15235	6148	10315	14463	10366
23122	0.681	15235	6115	10315	14448	10382
23161	0.681	15235	6111	10315	14448	10389
23199	0.682	15235	6086	10315	14458	10403
23238	0.683	15235	6088	10315	14486	10419
23277	0.684	15235	6048	10315	14463	10434
23315	0.685	15235	6040	10315	14474	10445
23354	0.686	15235	6054	10315	14461	10455
23392	0.687	15235	5959	10315	14455	10478
23431	0.688	15235	5984	10315	14439	10491
23470	0.689	15235	6027	10315	14457	10500
23508	0.689	15235	5986	10315	14456	10507
23547	0.69	15235	6010	10315	14454	10523
23585	0.691	15235	5888	10315	14451	10541
23624	0.693	15235	5929	10315	14439	10560
23663	0.694	15235	5866	10315	14472	10577
23701	0.695	15235	5906	10315	14438	10591
23740	0.696	15235	5817	10315	14448	10605
23778	0.697	15235	5852	10315	14434	10622
23817	0.698	15235	5869	10315	14417	10637
23856	0.699	15235	5819	10315	14453	10652
23894	0.7	15235	5778	10315	14455	10665
23933	0.7	15235	5744	10315	14449	10679
23971	0.701	15235	5801	10315	14420	10692
24010	0.702	15235	5756	10315	14417	10702
24049	0.702	15235	5703	10315	14462	10707
24087	0.703	15235	5688	10315	14403	10721
24126	0.704	15235	5729	10315	14415	10732
24164	0.705	15235	5712	10315	14428	10745
24203	0.705	15235	5655	10315	14427	10753
24242	0.706	15235	5675	10315	14441	10763
24280	0.707	15235	5611	10315	14417	10778
24319	0.708	15235	5753	10315	14417	10789
24357	0.709	15235	5714	10315	14433	10803
24396	0.709	15235	5520	10315	14385	10814
24435	0.71	15235	5576	10315	14390	10822
24473	0.71	15235	5589	10315	14421	10830
24512	0.711	15235	5526	10315	14418	10838
24550	0.712	15235	5589	10315	14432	10851
24589	0.713	15235	5493	10315	14408	10863
24628	0.714	15235	5479	10315	14398	10880
24666	0.714	15235	5485	10315	14425	10891
24705	0.715	15235	5471	10315	14431	10904
24743	0.716	15235	5499	10315	14417	10916
24782	0.717	15235	5456	10315	14405	10934
24821	0.718	15235	5434	10315	14414	10942
24859	0.719	15235	5365	10315	14395	10958
24898	0.72	15235	5368	10315	14420	10974
24936	0.72	15235	5442	10315	14453	10982
24975	0.721	15235	5443	10315	14408	10997
25014	0.723	15235	5347	10315	14401	11015
25052	0.723	15235	5280	10315	14419	11023
25091	0.724	15235	5317	10315	14377	11039
25129	0.725	15235	5343	10315	14390	11059
25168	0.726	15235	5299	10315	14392	11071
25207	0.727	15235	5316	10315	14382	11082
25245	0.728	15235	5287	10315	14396	11097
25284	0.729	15235	5250	10315	14416	11113
25322	0.73	15235	5241	10315	14372	11129
25361	0.731	15235	5206	10315	14378	11142
25400	0.732	15235	5228	10315	14377	11162
25438	0.733	15235	5221	10315	14378	11174
25477	0.734	15235	5149	10315	14353	11188
25515	0.735	15235	5115	10315	14376	11201
25554	0.735	15235	5071	10315	14387	11211
25593	0.736	15235	5143	10315	14399	11220
25631	0.737	15235	5077	10315	14386	11235
25670	0.738	15235	5021	10315	14385	11247
25708	0.738	15235	5124	10315	14392	11256
25747	0.739	15235	5050	10315	14341	11265
25786	0.74	15235	5062	10315	14408	11277
25824	0.74	15235	5063	10315	14396	11286
25863	0.741	15235	5068	10315	14383	11302
25901	0.742	15235	4950	10315	14378	11313
25940	0.743	15235	4943	10315	14397	11325
25979	0.744	15235	4901	10315	14372	11337
26017	0.744	15235	5014	10315	14396	11346
26056	0.745	15235	4958	10315	14397	11362
26094	0.746	15235	4903	10315	14357	11374
26133	0.747	15235	4939	10315	14386	11382
26172	0.748	15235	4989	10315	14374	11400
26210	0.749	15235	4915	10315	14369	11417
26249	0.75	15235	4853	10315	14387	11429
26287	0.75	15235	4859	10315	14365	11439
26326	0.751	15235	4804	10315	14386	11448
26365	0.752	15235	4857	10315	14374	11459
26403	0.753	15235	4831	10315	14352	11474
26442	0.754	15235	4752	10315	14376	11493
26480	0.755	15235	4776	10315	14377	11505
26519	0.755	15235	4849	10315	14375	11514
26558	0.757	15235	4779	10315	14364	11533
26596	0.757	15235	4720	10315	14357	11542
26635	0.758	15235	4717	10315	14358	11557
26673	0.759	15235	4702	10315	14348	11568
26712	0.76	15235	4678	10315	14342	11580
26751	0.76	15235	4622	10315	14361	11589
26789	0.761	15235	4636	10315	14348	11605
26828	0.762	15235	4650	10315	14357	11616
26866	0.763	15235	4632	10315	14368	11628
26905	0.764	15235	4557	10315	14377	11641
26944	0.764	15235	4636	10315	14351	11653
26982	0.765	15235	4553	10315	14357	11665
27021	0.766	15235	4653	10315	14341	11683
27060	0.767	15235	4572	10315	14369	11696
27098	0.768	15235	4535	10315	14337	11708
27137	0.769	15235	4580	10315	14347	11719
27175	0.769	15235	4511	10315	14343	11730
27214	0.77	15235	4450	10315	14362	11743
27253	0.771	15235	4495	10315	14320	11758
27291	0.772	15235	4492	10315	14351	11769
27330	0.773	15235	4417	10315	14351	11781
27368	0.774	15235	4403	10315	14341	11795
27407	0.775	15235	4362	10315	14335	11814
27446	0.776	15235	4415	10315	14337	11826
27484	0.777	15235	4405	10315	14341	11841
27523	0.778	15235	4353	10315	14327	11859
27561	0.779	15235	4399	10315	14341	11873
27600	0.779	15235	4353	10315	14337	11883
27639	0.78	15235	4343	10315	14371	11895
27677	0.781	15235	4344	10315	14326	11910
27716	0.782	15235	4290	10315	14320	11924
27754	0.783	15235	4287	10315	14336	11936
27793	0.784	15235	4226	10315	14339	11946
27832	0.784	15235	4229	10315	14333	11957
27870	0.785	15235	4242	10315	14351	11967
27909	0.786	15235	4230	10315	14350	11979
27947	0.787	15235	4176	10315	14328	11992
27986	0.788	15235	4142	10315	14316	12007
28025	0.788	15235	4165	10315	14306	12020
28063	0.789	15235	4156	10315	14336	12032
28102	0.79	15235	4135	10315	14339	12042
28140	0.791	15235	4137	10315	14343	12053
28179	0.792	15235	4143	10315	14289	12067
28218	0.793	15235	4103	10315	14329	12085
28256	0.794	15235	4104	10315	14300	12097
28295	0.794	15235	4101	10315	14321	12107
28333	0.795	15235	4125	10315	14328	12121
28372	0.796	15235	3931	10315	14321	12133
28411	0.797	15235	4058	10315	14316	12145
28449	0.798	15235	4032	10315	14321	12159
28488	0.798	15235	4025	10315	14327	12170
28526	0.799	15235	3952	10315	14292	12185
28565	0.8	15235	4002	10315	14312	12201
28604	0.801	15235	3913	10315	14299	12211
28642	0.802	15235	3925	10315	14308	12223
28681	0.803	15235	3885	10315	14316	12239
28719	0.804	15235	3932	10315	14323	12252
28758	0.804	15235	3899	10315	14291	12261
28797	0.805	15235	3848	10315	14311	12277
28835	0.806	15235	3848	10315	14316	12293
28874	0.807	15235	3899	10315	14317	12303
28912	0.808	15235	3777	10315	14274	12317
28951	0.809	15235	3795	10315	14301	12331
28990	0.81	15235	3838	10315	14298	12341
29028	0.81	15235	3743	10315	14316	12352
29067	0.811	15235	3774	10315	14317	12367
29105	0.812	15235	3716	10315	14283	12381
29144	0.813	15235	3706	10315	14273	12389
29183	0.814	15235	3736	10315	14309	12407
29221	0.815	15235	3683	10315	14279	12422
29260	0.816	15235	3677	10315	14283	12434
29298	0.816	15235	3721	10315	14303	12443
29337	0.817	15235	3644	10315	14280	12456
29376	0.818	15235	3578	10315	14281	12468
29414	0.818	15235	3627	10315	14305	12474
29453	0.819	15235	3570	10315	14271	12482
29491	0.819	15235	3544	10315	14256	12486
29530	0.82	15235	3591	10315	14289	12496
29569	0.82	15235	3554	10315	14303	12504
29607	0.821	15235	3498	10315	14287	12515
29646	0.822	15235	3605	10315	14313	12529
29684	0.823	15235	3436	10315	14283	12539
29723	0.824	15235	3469	10315	14272	12555
29762	0.824	15235	3462	10315	14273	12568
29800	0.825	15235	3460	10315	14293	12576
29839	0.826	15235	3454	10315	14269	12586
29877	0.827	15235	3343	10315	14256	12603
29916	0.827	15235	3420	10315	14267	12614
29955	0.828	15235	3358	10315	14292	12628
29993	0.829	15235	3454	10315	14255	12636
30032	0.83	15235	3401	10315	14266	12647
30070	0.83	15235	3385	10315	14288	12658
30109	0.831	15235	3333	10315	14292	12674
30148	0.832	15235	3420	10315	14293	12685
30186	0.833	15235	3331	10315	14246	12697
30225	0.834	15235	3323	10315	14269	12707
30263	0.834	15235	3305	10315	14268	12714
30302	0.834	15235	3284	10315	14268	12720
30341	0.835	15235	3266	10315	14253	12731
30379	0.836	15235	3275	10315	14254	12743
30418	0.837	15235	3244	10315	14245	12754
30456	0.838	15235	3138	10315	14260	12771
30495	0.839	15235	3220	10315	14250	12786
30534	0.84	15235	3175	10315	14277	12803
30572	0.841	15235	3190	10315	14236	12817
30611	0.841	15235	3120	10315	14264	12826
30649	0.842	15235	3126	10315	14224	12839
30688	0.843	15235	3115	10315	14242	12851
30727	0.844	15235	3083	10315	14252	12862
30765	0.845	15235	3076	10315	14271	12877
30804	0.845	15235	3037	10315	14270	12886
30842	0.846	15235	3101	10315	14235	12897
30881	0.847	15235	3021	10315	14249	12909
30920	0.847	15235	3042	10315	14238	12915
30958	0.848	15235	2983	10315	14220	12930
30997	0.849	15235	3031	10315	14238	12948
31036	0.85	15235	2959	10315	14233	12959
31074	0.851	15235	2981	10315	14243	12969
31113	0.852	15235	2986	10315	14249	12981
31151	0.852	15235	2935	10315	14208	12988
31190	0.853	15235	2930	10315	14252	13003
31229	0.854	15235	2965	10315	14233	13018
31267	0.855	15235	2879	10315	14238	13033
31306	0.856	15235	2909	10315	14244	13045
31344	0.857	15235	2855	10315	14224	13062
31383	0.858	15235	2908	10315	14248	13076
31422	0.859	15235	2813	10315	14215	13090
31460	0.86	15235	2752	10315	14230	13104
31499	0.86	15235	2773	10315	14237	13111
31537	0.861	15235	2796	10315	14228	13122
31576	0.861	15235	2747	10315	14225	13132
31615	0.862	15235	2760	10315	14230	13142
31653	0.863	15235	2726	10315	14236	13155
31692	0.864	15235	2758	10315	14225	13168
31730	0.865	15235	2771	10315	14241	13183
31769	0.865	15235	2671	10315	14227	13192
31808	0.866	15235	2726	10315	14202	13202
31846	0.867	15235	2676	10315	14226	13211
31885	0.868	15235	2769	10315	14217	13227
31923	0.868	15235	2626	10315	14236	13236
31962	0.869	15235	2619	10315	14233	13250
32001	0.87	15235	2585	10315	14200	13260
32039	0.87	15235	2586	10315	14217	13268
32078	0.871	15235	2545	10315	14230	13280
32116	0.872	15235	2521	10315	14206	13289
32155	0.873	15235	2608	10315	14184	13304
32194	0.874	15235	2562	10315	14197	13316
32232	0.874	15235	2492	10315	14200	13325
32271	0.875	15235	2484	10315	14208	13339
32309	0.876	15235	2512	10315	14231	13349
32348	0.876	15235	2411	10315	14194	13359
32387	0.877	15235	2459	10315	14217	13375
32425	0.878	15235	2436	10315	14208	13390
32464	0.879	15235	2387	10315	14186	13404
32502	0.88	15235	2380	10315	14175	13412
32541	0.881	15235	2366	10315	14194	13431
32580	0.882	15235	2353	10315	14177	13444
32618	0.883	15235	2343	10315	14196	13455
32657	0.883	15235	2407	10315	14181	13466
32695	0.884	15235	2401	10315	14204	13475
32734	0.885	15235	2353	10315	14194	13487
32773	0.886	15235	2301	10315	14180	13501
32811	0.887	15235	2269	10315	14181	13514
32850	0.888	15235	2227	10315	14171	13529
32888	0.888	15235	2271	10315	14186	13535
32927	0.889	15235	2245	10315	14185	13547
32966	0.89	15235	2214	10315	14181	13561
33004	0.89	15235	2138	10315	14167	13571
33043	0.891	15235	2158	10315	14184	13577
33081	0.892	15235	2201	10315	14162	13590
33120	0.892	15235	2198	10315	14169	13597
33159	0.893	15235	2085	10315	14176	13606
33197	0.893	15235	2136	10315	14175	13618
33236	0.894	15235	2142	10315	14171	13634
33274	0.895	15235	2117	10315	14168	13642
33313	0.896	15235	2049	10315	14173	13656
33352	0.897	15235	2144	10315	14177	13674
33390	0.898	15235	2085	10315	14162	13683
33429	0.898	15235	2060	10315	14196	13692
33467	0.899	15235	2077	10315	14156	13700
33506	0.9	15235	2010	10315	14186	13718
33545	0.901	15235	2006	10315	14178	13732
33583	0.902	15235	1987	10315	14161	13750
33622	0.903	15235	1970	10315	14186	13762
33660	0.904	15235	1894	10315	14164	13775
33699	0.904	15235	1948	10315	14163	13785
33738	0.905	15235	1884	10315	14172	13798
33776	0.906	15235	1868	10315	14184	13813
33815	0.907	15235	1899	10315	14178	13824
33853	0.908	15235	1812	10315	14159	13839
33892	0.908	15235	1875	10315	14164	13847
33931	0.909	15235	1835	10315	14152	13859
33969	0.91	15235	1822	10315	14159	13870
34008	0.911	15235	1836	10315	14166	13883
34046	0.912	15235	1783	10315	14144	13897
34085	0.913	15235	1791	10315	14149	13914
34124	0.914	15235	1812	10315	14165	13928
34162	0.915	15235	1764	10315	14159	13941
34201	0.915	15235	1702	10315	14146	13948
34239	0.916	15235	1708	10315	14155	13957
34278	0.917	15235	1710	10315	14141	13971
34317	0.917	15235	1672	10315	14170	13977
34355	0.918	15235	1712	10315	14142	13986
34394	0.918	15235	1666	10315	14149	13997
34432	0.919	15235	1615	10315	14145	14011
34471	0.92	15235	1638	10315	14131	14024
34510	0.921	15235	1603	10315	14155	14035
34548	0.922	15235	1559	10315	14129	14051
34587	0.923	15235	1587	10315	14137	14064
34625	0.924	15235	1606	10315	14162	14078
34664	0.924	15235	1580	10315	14160	14091
34703	0.925	15235	1567	10315	14140	14103
34741	0.926	15235	1566	10315	14130	14118
34780	0.927	15235	1534	10315	14131	14135
34819	0.928	15235	1481	10315	14111	14147
34857	0.929	15235	1510	10315	14128	14159
34896	0.93	15235	1451	10315	14132	14172
34934	0.931	15235	1413	10315	14130	14185
34973	0.931	15235	1388	10315	14116	14196
35012	0.932	15235	1364	10315	14123	14211
35050	0.933	15235	1418	10315	14115	14222
35089	0.933	15235	1427	10315	14123	14228
35127	0.934	15235	1341	10315	14109	14239
35166	0.935	15235	1397	10315	14135	14252
35205	0.936	15235	1295	10315	14127	14268
35243	0.937	15235	1333	10315	14107	14277
35282	0.937	15235	1333	10315	14107	14288
35320	0.938	15235	1310	10315	14116	14299
35359	0.939	15235	1256	10315	14122	14311
35398	0.94	15235	1254	10315	14117	14322
35436	0.94	15235	1236	10315	14103	14333
35475	0.941	15235	1251	10315	14117	14343
35513	0.942	15235	1244	10315	14133	14355
35552	0.943	15235	1190	10315	14112	14370
35591	0.944	15235	1226	10315	14086	14384
35629	0.944	15235	1178	10315	14133	14393
35668	0.945	15235	1153	10315	14097	14410
35706	0.946	15235	1113	10315	14113	14425
35745	0.947	15235	1114	10315	14082	14436
35784	0.948	15235	1112	10315	14097	14447
35822	0.949	15235	1122	10315	14093	14459
35861	0.949	15235	1075	10315	14094	14471
35899	0.95	15235	1071	10315	14094	14480
35938	0.951	15235	1070	10315	14112	14493
35977	0.951	15235	1030	10315	14102	14502
36015	0.952	15235	1034	10315	14111	14516
36054	0.953	15235	1004	10315	14117	14527
36092	0.954	15235	961	10315	14110	14536
36131	0.954	15235	987	10315	14095	14546
36170	0.954	15235	935	10315	14083	14549
36208	0.955	15235	984	10315	14082	14559
36247	0.956	15235	929	10315	14092	14569
36285	0.957	15235	890	10315	14105	14584
36324	0.957	15235	926	10315	14096	14592
36363	0.958	15235	903	10315	14107	14602
36401	0.959	15235	899	10315	14084	14615
36440	0.959	15235	881	10315	14092	14625
36478	0.96	15235	806	10315	14076	14635
36517	0.961	15235	840	10315	14089	14644
36556	0.961	15235	807	10315	14079	14654
36594	0.962	15235	826	10315	14087	14664
36633	0.963	15235	814	10315	14091	14676
36671	0.963	15235	752	10315	14073	14684
36710	0.964	15235	759	10315	14085	14698
36749	0.965	15235	732	10315	14095	14711
36787	0.966	15235	739	10315	14100	14719
36826	0.966	15235	703	10315	14071	14729
36864	0.967	15235	714	10315	14078	14744
36903	0.968	15235	659	10315	14082	14755
36942	0.969	15235	663	10315	14077	14764
36980	0.969	15235	644	10315	14081	14774
37019	0.97	15235	606	10315	14070	14788
37057	0.971	15235	619	10315	14067	14797
37096	0.971	15235	594	10315	14081	14806
37135	0.972	15235	569	10315	14061	14821
37173	0.973	15235	590	10315	14065	14827
37212	0.973	15235	531	10315	14073	14836
37250	0.974	15235	537	10315	14072	14847
37289	0.975	15235	519	10315	14090	14861
37328	0.976	15235	506	10315	14069	14875
37366	0.977	15235	474	10315	14073	14890
37405	0.978	15235	471	10315	14056	14901
37443	0.978	15235	472	10315	14086	14910
37482	0.979	15235	417	10315	14072	14925
37521	0.98	15235	420	10315	14078	14938
37559	0.981	15235	426	10315	14067	14946
37598	0.981	15235	390	10315	14062	14954
37636	0.982	15235	369	10315	14068	14967
37675	0.982	15235	368	10315	14068	14976
37714	0.983	15235	342	10315	14069	14987
37752	0.984	15235	326	10315	14062	14996
37791	0.984	15235	316	10315	14058	15005
37829	0.985	15235	301	10315	14058	15020
37868	0.986	15235	295	10315	14072	15034
37907	0.987	15235	262	10315	14053	15043
37945	0.988	15235	264	10315	14058	15054
37984	0.988	15235	231	10315	14049	15062
38022	0.989	15235	249	10315	14046	15071
38061	0.99	15235	213	10315	14055	15084
38100	0.991	15235	188	10315	14050	15099
38138	0.991	15235	169	10315	14043	15112
38177	0.992	15235	169	10315	14058	15120
38215	0.993	15235	156	10315	14047	15135
38254	0.994	15235	122	10315	14044	15147
38293	0.995	15235	132	10315	14045	15159
38331	0.995	15235	115	10315	14050	15170
38370	0.996	15235	97	10315	14045	15184
38408	0.997	15235	81	10315	14038	15197
38447	0.998	15235	55	10315	14037	15211
38486	0.999	15235	54	10315	14039	15224
38524	0.999	15235	32	10315	14038	15231
38563	1	15235	16	10315	14032	15244
38602	1.001	15235	0	10315	14034	15253
