dist	 eta-scaled	Opt	Trust	Greedy	TrustGreedy	 eta-unslaced
0	0	15321	15321	10348	15321	0
38	0.004	15321	15303	10348	15319	74
77	0.009	15321	15287	10348	15319	147
115	0.013	15321	15275	10348	15318	212
154	0.018	15321	15261	10348	15314	281
193	0.023	15321	15241	10348	15315	357
231	0.026	15321	15217	10348	15313	407
270	0.03	15321	15202	10348	15308	465
308	0.034	15321	15200	10348	15309	522
347	0.037	15321	15177	10348	15310	574
386	0.041	15321	15162	10348	15310	635
424	0.044	15321	15143	10348	15312	682
463	0.047	15321	15133	10348	15305	732
501	0.052	15321	15123	10348	15308	804
540	0.055	15321	15095	10348	15301	844
579	0.056	15321	15104	10348	15303	872
617	0.06	15321	15066	10348	15305	930
656	0.064	15321	15078	10348	15307	989
694	0.066	15321	15058	10348	15303	1022
733	0.071	15321	15016	10348	15300	1090
772	0.074	15321	14995	10348	15290	1147
810	0.076	15321	15014	10348	15296	1171
849	0.082	15321	14935	10348	15281	1261
887	0.083	15321	14956	10348	15294	1279
926	0.087	15321	14951	10348	15289	1344
965	0.089	15321	14927	10348	15289	1378
1003	0.092	15321	14915	10348	15280	1411
1042	0.095	15321	14893	10348	15283	1465
1080	0.096	15321	14876	10348	15285	1476
1119	0.099	15321	14885	10348	15288	1524
1158	0.104	15321	14871	10348	15279	1596
1196	0.106	15321	14857	10348	15287	1632
1235	0.108	15321	14827	10348	15272	1669
1273	0.111	15321	14830	10348	15279	1709
1312	0.116	15321	14787	10348	15277	1779
1351	0.116	15321	14812	10348	15281	1788
1389	0.121	15321	14757	10348	15281	1857
1428	0.124	15321	14756	10348	15276	1911
1466	0.127	15321	14756	10348	15273	1960
1505	0.132	15321	14708	10348	15272	2029
1544	0.134	15321	14672	10348	15260	2062
1582	0.135	15321	14676	10348	15274	2082
1621	0.139	15321	14679	10348	15274	2139
1659	0.141	15321	14641	10348	15264	2175
1698	0.143	15321	14617	10348	15257	2203
1737	0.149	15321	14594	10348	15261	2286
1775	0.15	15321	14590	10348	15265	2309
1814	0.152	15321	14613	10348	15261	2338
1852	0.155	15321	14563	10348	15267	2384
1891	0.159	15321	14513	10348	15254	2446
1930	0.161	15321	14516	10348	15250	2482
1968	0.164	15321	14489	10348	15255	2518
2007	0.168	15321	14457	10348	15257	2583
2045	0.169	15321	14483	10348	15243	2594
2084	0.172	15321	14443	10348	15247	2636
2123	0.174	15321	14432	10348	15242	2666
2161	0.176	15321	14422	10348	15242	2711
2200	0.18	15321	14396	10348	15257	2771
2238	0.182	15321	14430	10348	15244	2790
2277	0.186	15321	14362	10348	15246	2852
2316	0.185	15321	14367	10348	15236	2849
2354	0.189	15321	14367	10348	15233	2909
2393	0.192	15321	14331	10348	15229	2952
2431	0.194	15321	14336	10348	15249	2977
2470	0.195	15321	14329	10348	15230	2990
2509	0.2	15321	14301	10348	15229	3073
2547	0.201	15321	14270	10348	15244	3081
2586	0.204	15321	14252	10348	15219	3126
2624	0.21	15321	14244	10348	15234	3221
2663	0.21	15321	14236	10348	15227	3231
2702	0.21	15321	14234	10348	15222	3218
2740	0.214	15321	14239	10348	15216	3279
2779	0.218	15321	14160	10348	15213	3348
2817	0.218	15321	14201	10348	15230	3350
2856	0.223	15321	14131	10348	15204	3425
2895	0.224	15321	14114	10348	15231	3447
2933	0.228	15321	14098	10348	15212	3495
2972	0.227	15321	14086	10348	15215	3488
3010	0.227	15321	14140	10348	15213	3492
3049	0.234	15321	14078	10348	15208	3591
3088	0.236	15321	14070	10348	15210	3625
3126	0.238	15321	14044	10348	15217	3659
3165	0.243	15321	13989	10348	15204	3728
3203	0.244	15321	14042	10348	15200	3743
3242	0.245	15321	13999	10348	15205	3757
3281	0.248	15321	13965	10348	15197	3814
3319	0.252	15321	13985	10348	15216	3862
3358	0.251	15321	13981	10348	15221	3851
3396	0.257	15321	13969	10348	15196	3938
3435	0.255	15321	13939	10348	15181	3917
3474	0.262	15321	13865	10348	15204	4028
3512	0.263	15321	13918	10348	15198	4036
3551	0.266	15321	13883	10348	15197	4076
3589	0.266	15321	13843	10348	15195	4088
3628	0.271	15321	13874	10348	15187	4156
3667	0.27	15321	13802	10348	15196	4144
3705	0.273	15321	13847	10348	15181	4195
3744	0.277	15321	13813	10348	15199	4255
3782	0.278	15321	13837	10348	15194	4266
3821	0.281	15321	13793	10348	15189	4319
3860	0.283	15321	13726	10348	15177	4344
3898	0.289	15321	13766	10348	15194	4429
3937	0.289	15321	13691	10348	15153	4437
3976	0.29	15321	13696	10348	15171	4445
4014	0.291	15321	13693	10348	15167	4459
4053	0.296	15321	13659	10348	15159	4538
4091	0.299	15321	13606	10348	15154	4596
4130	0.3	15321	13658	10348	15174	4597
4169	0.304	15321	13636	10348	15188	4661
4207	0.305	15321	13627	10348	15175	4684
4246	0.309	15321	13618	10348	15177	4742
4284	0.31	15321	13551	10348	15163	4754
4323	0.31	15321	13588	10348	15172	4764
4362	0.314	15321	13597	10348	15178	4825
4400	0.316	15321	13517	10348	15154	4846
4439	0.32	15321	13473	10348	15156	4913
4477	0.322	15321	13503	10348	15184	4941
4516	0.322	15321	13486	10348	15172	4947
4555	0.324	15321	13526	10348	15171	4979
4593	0.325	15321	13472	10348	15148	4992
4632	0.324	15321	13545	10348	15154	4966
4670	0.334	15321	13440	10348	15162	5122
4709	0.336	15321	13441	10348	15140	5150
4748	0.335	15321	13393	10348	15164	5135
4786	0.335	15321	13416	10348	15158	5138
4825	0.335	15321	13451	10348	15147	5142
4863	0.34	15321	13386	10348	15138	5223
4902	0.345	15321	13334	10348	15147	5286
4941	0.344	15321	13343	10348	15152	5276
4979	0.348	15321	13326	10348	15176	5340
5018	0.353	15321	13285	10348	15144	5409
5056	0.354	15321	13262	10348	15136	5429
5095	0.356	15321	13265	10348	15164	5455
5134	0.354	15321	13266	10348	15157	5432
5172	0.36	15321	13229	10348	15154	5518
5211	0.362	15321	13203	10348	15142	5552
5249	0.362	15321	13200	10348	15133	5561
5288	0.363	15321	13252	10348	15136	5565
5327	0.368	15321	13190	10348	15130	5649
5365	0.368	15321	13162	10348	15146	5641
5404	0.37	15321	13123	10348	15141	5681
5442	0.375	15321	13119	10348	15131	5746
5481	0.375	15321	13138	10348	15125	5753
5520	0.377	15321	13129	10348	15120	5778
5558	0.378	15321	13144	10348	15136	5797
5597	0.378	15321	13067	10348	15129	5799
5635	0.382	15321	13058	10348	15109	5858
5674	0.387	15321	13041	10348	15100	5936
5713	0.388	15321	13011	10348	15115	5959
5751	0.39	15321	12992	10348	15113	5989
5790	0.391	15321	12939	10348	15096	5996
5828	0.393	15321	12969	10348	15117	6030
5867	0.397	15321	12967	10348	15112	6083
5906	0.396	15321	12976	10348	15096	6082
5944	0.402	15321	12907	10348	15089	6168
5983	0.402	15321	12880	10348	15104	6170
6021	0.403	15321	12918	10348	15117	6187
6060	0.406	15321	12909	10348	15107	6232
6099	0.409	15321	12908	10348	15129	6271
6137	0.41	15321	12841	10348	15108	6289
6176	0.412	15321	12899	10348	15118	6321
6214	0.411	15321	12899	10348	15106	6297
6253	0.418	15321	12792	10348	15111	6410
6292	0.422	15321	12767	10348	15087	6468
6330	0.418	15321	12776	10348	15087	6405
6369	0.421	15321	12766	10348	15082	6464
6407	0.423	15321	12783	10348	15074	6496
6446	0.427	15321	12711	10348	15082	6544
6485	0.429	15321	12730	10348	15112	6584
6523	0.431	15321	12719	10348	15089	6615
6562	0.431	15321	12732	10348	15114	6614
6600	0.429	15321	12700	10348	15068	6587
6639	0.435	15321	12665	10348	15089	6665
6678	0.432	15321	12695	10348	15092	6621
6716	0.44	15321	12627	10348	15082	6745
6755	0.443	15321	12623	10348	15095	6796
6793	0.445	15321	12581	10348	15084	6831
6832	0.443	15321	12624	10348	15094	6800
6871	0.449	15321	12551	10348	15078	6885
6909	0.449	15321	12552	10348	15069	6886
6948	0.455	15321	12540	10348	15085	6981
6986	0.453	15321	12554	10348	15104	6951
7025	0.454	15321	12541	10348	15079	6963
7064	0.457	15321	12554	10348	15070	7013
7102	0.46	15321	12521	10348	15071	7051
7141	0.455	15321	12533	10348	15100	6983
7179	0.461	15321	12491	10348	15078	7065
7218	0.467	15321	12412	10348	15062	7159
7257	0.469	15321	12388	10348	15084	7198
7295	0.469	15321	12445	10348	15076	7186
7334	0.472	15321	12412	10348	15078	7234
7372	0.471	15321	12428	10348	15063	7225
7411	0.478	15321	12316	10348	15059	7335
7450	0.479	15321	12301	10348	15043	7342
7488	0.476	15321	12408	10348	15073	7306
7527	0.481	15321	12412	10348	15079	7381
7565	0.483	15321	12318	10348	15065	7404
7604	0.483	15321	12301	10348	15056	7404
7643	0.491	15321	12182	10348	15044	7524
7681	0.486	15321	12311	10348	15046	7449
7720	0.487	15321	12269	10348	15046	7476
7759	0.493	15321	12233	10348	15044	7564
7797	0.493	15321	12213	10348	15039	7566
7836	0.494	15321	12191	10348	15051	7570
7874	0.498	15321	12215	10348	15047	7633
7913	0.499	15321	12202	10348	15048	7656
7952	0.504	15321	12165	10348	15069	7722
7990	0.503	15321	12087	10348	15036	7709
8029	0.51	15321	12084	10348	15014	7816
8067	0.507	15321	12122	10348	15038	7773
8106	0.508	15321	12102	10348	15055	7795
8145	0.514	15321	12070	10348	15047	7890
8183	0.512	15321	12093	10348	15038	7851
8222	0.515	15321	12056	10348	15026	7895
8260	0.517	15321	12057	10348	15055	7929
8299	0.521	15321	11998	10348	15025	7983
8338	0.525	15321	11945	10348	15020	8053
8376	0.522	15321	11958	10348	15014	8008
8415	0.518	15321	12095	10348	15057	7945
8453	0.522	15321	11967	10348	15051	8006
8492	0.526	15321	11917	10348	15043	8074
8531	0.533	15321	11897	10348	15028	8168
8569	0.529	15321	11981	10348	15057	8116
8608	0.535	15321	11849	10348	15009	8204
8646	0.538	15321	11893	10348	15023	8244
8685	0.535	15321	11839	10348	15005	8208
8724	0.542	15321	11858	10348	15021	8306
8762	0.542	15321	11792	10348	15007	8310
8801	0.541	15321	11816	10348	15006	8294
8839	0.551	15321	11748	10348	15024	8457
8878	0.551	15321	11778	10348	15026	8445
8917	0.549	15321	11803	10348	15003	8417
8955	0.553	15321	11730	10348	14994	8487
8994	0.553	15321	11682	10348	15000	8484
9032	0.557	15321	11701	10348	15040	8536
9071	0.558	15321	11671	10348	15009	8564
9110	0.56	15321	11658	10348	15007	8588
9148	0.564	15321	11592	10348	14976	8651
9187	0.561	15321	11648	10348	15005	8607
9225	0.568	15321	11552	10348	14990	8705
9264	0.572	15321	11523	10348	14979	8768
9303	0.569	15321	11599	10348	15032	8723
9341	0.569	15321	11579	10348	14998	8729
9380	0.573	15321	11556	10348	14999	8789
9418	0.577	15321	11534	10348	15006	8850
9457	0.58	15321	11536	10348	14977	8888
9496	0.576	15321	11557	10348	15011	8835
9534	0.58	15321	11515	10348	14979	8898
9573	0.58	15321	11496	10348	14967	8900
9611	0.586	15321	11455	10348	15009	8993
9650	0.585	15321	11427	10348	15002	8969
9689	0.587	15321	11442	10348	15011	8996
9727	0.589	15321	11532	10348	15000	9030
9766	0.593	15321	11466	10348	15002	9092
9804	0.596	15321	11354	10348	14976	9141
9843	0.597	15321	11307	10348	14986	9157
9882	0.597	15321	11369	10348	14979	9160
9920	0.597	15321	11331	10348	14985	9161
9959	0.602	15321	11350	10348	14975	9225
9997	0.605	15321	11298	10348	14963	9275
10036	0.601	15321	11359	10348	14969	9216
10075	0.601	15321	11323	10348	14960	9218
10113	0.607	15321	11304	10348	14982	9311
10152	0.609	15321	11220	10348	14959	9334
10190	0.613	15321	11207	10348	14981	9399
10229	0.614	15321	11243	10348	14935	9419
10268	0.612	15321	11272	10348	14973	9387
10306	0.618	15321	11212	10348	14975	9470
10345	0.617	15321	11241	10348	14975	9466
10383	0.62	15321	11178	10348	14960	9503
10422	0.621	15321	11133	10348	14974	9526
10461	0.624	15321	11151	10348	14956	9569
10499	0.624	15321	11159	10348	14957	9571
10538	0.629	15321	11086	10348	14957	9639
10576	0.63	15321	11091	10348	14948	9655
10615	0.627	15321	11134	10348	14948	9615
10654	0.632	15321	11100	10348	14952	9684
10692	0.635	15321	10982	10348	14961	9742
10731	0.639	15321	11002	10348	14957	9799
10769	0.639	15321	11030	10348	14959	9796
10808	0.638	15321	11052	10348	14944	9785
10847	0.641	15321	11039	10348	14944	9832
10885	0.648	15321	10876	10348	14919	9933
10924	0.649	15321	10885	10348	14940	9946
10962	0.649	15321	10916	10348	14950	9949
11001	0.648	15321	10934	10348	14932	9933
11040	0.65	15321	10914	10348	14912	9967
11078	0.653	15321	10890	10348	14931	10007
11117	0.657	15321	10882	10348	14941	10077
11155	0.655	15321	10844	10348	14914	10047
11194	0.654	15321	10891	10348	14936	10026
11233	0.662	15321	10770	10348	14912	10156
11271	0.664	15321	10762	10348	14955	10184
11310	0.658	15321	10797	10348	14964	10091
11348	0.659	15321	10878	10348	14920	10108
11387	0.669	15321	10707	10348	14904	10257
11426	0.666	15321	10738	10348	14922	10214
11464	0.665	15321	10794	10348	14898	10189
11503	0.672	15321	10698	10348	14894	10305
11541	0.669	15321	10756	10348	14933	10257
11580	0.669	15321	10670	10348	14911	10263
11619	0.672	15321	10726	10348	14904	10298
11657	0.675	15321	10713	10348	14919	10346
11696	0.678	15321	10657	10348	14932	10395
11735	0.682	15321	10614	10348	14928	10449
11773	0.687	15321	10589	10348	14913	10527
11812	0.683	15321	10586	10348	14910	10477
11850	0.691	15321	10540	10348	14922	10595
11889	0.688	15321	10612	10348	14900	10556
11928	0.687	15321	10586	10348	14912	10539
11966	0.69	15321	10521	10348	14896	10572
12005	0.692	15321	10542	10348	14905	10608
12043	0.692	15321	10543	10348	14905	10606
12082	0.701	15321	10422	10348	14888	10752
12121	0.703	15321	10375	10348	14891	10781
12159	0.705	15321	10393	10348	14906	10810
12198	0.701	15321	10469	10348	14897	10755
12236	0.697	15321	10520	10348	14895	10681
12275	0.704	15321	10474	10348	14904	10798
12314	0.708	15321	10345	10348	14930	10860
12352	0.708	15321	10390	10348	14870	10849
12391	0.712	15321	10353	10348	14881	10911
12429	0.711	15321	10370	10348	14902	10900
12468	0.717	15321	10371	10348	14929	10986
12507	0.713	15321	10343	10348	14917	10927
12545	0.717	15321	10280	10348	14886	10997
12584	0.718	15321	10313	10348	14891	11003
12622	0.72	15321	10294	10348	14892	11046
12661	0.721	15321	10286	10348	14919	11047
12700	0.726	15321	10207	10348	14888	11129
12738	0.726	15321	10240	10348	14876	11133
12777	0.726	15321	10226	10348	14906	11129
12815	0.728	15321	10187	10348	14890	11158
12854	0.728	15321	10218	10348	14861	11165
12893	0.733	15321	10152	10348	14861	11235
12931	0.731	15321	10135	10348	14894	11201
12970	0.732	15321	10175	10348	14879	11228
13008	0.736	15321	10237	10348	14883	11291
13047	0.735	15321	10143	10348	14865	11262
13086	0.74	15321	10141	10348	14900	11343
13124	0.742	15321	10092	10348	14860	11373
13163	0.742	15321	10074	10348	14888	11375
13201	0.745	15321	10025	10348	14893	11417
13240	0.75	15321	10021	10348	14889	11506
13279	0.75	15321	10034	10348	14853	11502
13317	0.747	15321	10006	10348	14844	11449
13356	0.753	15321	9968	10348	14855	11548
13394	0.756	15321	9970	10348	14851	11595
13433	0.756	15321	9986	10348	14880	11584
13472	0.757	15321	9946	10348	14852	11599
13510	0.759	15321	9917	10348	14885	11642
13549	0.765	15321	9877	10348	14880	11721
13587	0.761	15321	9942	10348	14867	11666
13626	0.759	15321	9919	10348	14863	11639
13665	0.763	15321	9852	10348	14841	11703
13703	0.772	15321	9799	10348	14847	11835
13742	0.767	15321	9836	10348	14850	11766
13780	0.766	15321	9856	10348	14846	11736
13819	0.773	15321	9795	10348	14852	11850
13858	0.774	15321	9777	10348	14855	11873
13896	0.775	15321	9740	10348	14848	11884
13935	0.775	15321	9745	10348	14860	11879
13973	0.774	15321	9781	10348	14855	11868
14012	0.777	15321	9750	10348	14840	11916
14051	0.781	15321	9726	10348	14842	11973
14089	0.785	15321	9682	10348	14855	12029
14128	0.787	15321	9710	10348	14873	12069
14166	0.779	15321	9687	10348	14852	11938
14205	0.788	15321	9580	10348	14848	12088
14244	0.785	15321	9686	10348	14853	12037
14282	0.796	15321	9574	10348	14860	12202
14321	0.789	15321	9610	10348	14850	12091
14359	0.795	15321	9620	10348	14863	12186
14398	0.79	15321	9608	10348	14873	12115
14437	0.794	15321	9590	10348	14800	12177
14475	0.796	15321	9581	10348	14827	12199
14514	0.799	15321	9514	10348	14849	12252
14552	0.799	15321	9563	10348	14823	12246
14591	0.8	15321	9508	10348	14850	12257
14630	0.799	15321	9570	10348	14843	12242
14668	0.8	15321	9526	10348	14832	12271
14707	0.803	15321	9555	10348	14878	12312
14745	0.807	15321	9421	10348	14840	12376
14784	0.815	15321	9433	10348	14847	12489
14823	0.811	15321	9366	10348	14815	12427
14861	0.815	15321	9396	10348	14796	12488
14900	0.814	15321	9436	10348	14828	12473
14938	0.817	15321	9403	10348	14866	12518
14977	0.814	15321	9405	10348	14830	12479
15016	0.82	15321	9406	10348	14838	12568
15054	0.819	15321	9330	10348	14857	12550
15093	0.824	15321	9304	10348	14817	12631
15131	0.826	15321	9290	10348	14824	12660
15170	0.824	15321	9276	10348	14810	12637
15209	0.827	15321	9285	10348	14820	12672
15247	0.825	15321	9318	10348	14813	12647
15286	0.837	15321	9092	10348	14788	12825
15324	0.832	15321	9179	10348	14821	12757
15363	0.839	15321	9147	10348	14824	12861
15402	0.839	15321	9180	10348	14793	12865
15440	0.838	15321	9171	10348	14801	12853
15479	0.846	15321	9056	10348	14796	12968
15518	0.837	15321	9167	10348	14808	12835
15556	0.842	15321	9198	10348	14788	12910
15595	0.842	15321	9151	10348	14808	12908
15633	0.842	15321	9076	10348	14807	12911
15672	0.85	15321	9064	10348	14765	13031
15711	0.85	15321	9055	10348	14825	13025
15749	0.847	15321	9116	10348	14810	12982
15788	0.858	15321	8993	10348	14776	13157
15826	0.852	15321	9014	10348	14776	13060
15865	0.854	15321	9033	10348	14797	13094
15904	0.853	15321	9019	10348	14803	13078
15942	0.854	15321	9036	10348	14805	13092
15981	0.857	15321	9063	10348	14806	13136
16019	0.867	15321	8887	10348	14766	13290
16058	0.861	15321	8926	10348	14788	13203
16097	0.863	15321	8954	10348	14802	13233
16135	0.869	15321	8824	10348	14771	13328
16174	0.87	15321	8854	10348	14771	13340
16212	0.87	15321	8852	10348	14785	13332
16251	0.87	15321	8824	10348	14793	13343
16290	0.873	15321	8770	10348	14775	13377
16328	0.875	15321	8788	10348	14782	13411
16367	0.877	15321	8750	10348	14770	13445
16405	0.883	15321	8663	10348	14754	13539
16444	0.882	15321	8766	10348	14753	13520
16483	0.874	15321	8830	10348	14770	13402
16521	0.882	15321	8680	10348	14759	13526
16560	0.884	15321	8729	10348	14774	13545
16598	0.882	15321	8721	10348	14767	13524
16637	0.882	15321	8757	10348	14749	13522
16676	0.889	15321	8701	10348	14774	13629
16714	0.895	15321	8654	10348	14767	13722
16753	0.895	15321	8574	10348	14763	13717
16791	0.888	15321	8691	10348	14764	13615
16830	0.895	15321	8651	10348	14764	13726
16869	0.892	15321	8699	10348	14763	13674
16907	0.895	15321	8633	10348	14776	13727
16946	0.902	15321	8554	10348	14780	13828
16984	0.897	15321	8624	10348	14782	13756
17023	0.902	15321	8545	10348	14753	13830
17062	0.903	15321	8517	10348	14760	13847
17100	0.902	15321	8582	10348	14783	13831
17139	0.905	15321	8441	10348	14763	13868
17177	0.908	15321	8440	10348	14727	13923
17216	0.912	15321	8430	10348	14746	13981
17255	0.908	15321	8475	10348	14746	13913
17293	0.91	15321	8452	10348	14741	13956
17332	0.915	15321	8392	10348	14785	14034
17370	0.913	15321	8424	10348	14765	13996
17409	0.914	15321	8399	10348	14757	14008
17448	0.919	15321	8325	10348	14777	14082
17486	0.92	15321	8291	10348	14747	14108
17525	0.921	15321	8369	10348	14754	14116
17563	0.919	15321	8380	10348	14745	14088
17602	0.931	15321	8276	10348	14729	14277
17641	0.928	15321	8274	10348	14731	14233
17679	0.926	15321	8245	10348	14729	14201
17718	0.931	15321	8284	10348	14751	14267
17756	0.929	15321	8249	10348	14736	14246
17795	0.936	15321	8234	10348	14735	14348
17834	0.936	15321	8166	10348	14740	14349
17872	0.938	15321	8185	10348	14734	14374
17911	0.935	15321	8188	10348	14715	14336
17949	0.94	15321	8152	10348	14724	14410
17988	0.942	15321	8128	10348	14715	14444
18027	0.942	15321	8170	10348	14728	14434
18065	0.941	15321	8145	10348	14708	14429
18104	0.942	15321	8143	10348	14715	14439
18142	0.946	15321	8073	10348	14723	14505
18181	0.953	15321	7982	10348	14726	14611
18220	0.953	15321	8119	10348	14707	14603
18258	0.951	15321	8089	10348	14702	14581
18297	0.949	15321	8051	10348	14741	14541
18335	0.951	15321	8044	10348	14722	14583
18374	0.96	15321	7913	10348	14722	14710
18413	0.95	15321	8098	10348	14736	14555
18451	0.957	15321	7963	10348	14724	14675
18490	0.961	15321	7915	10348	14731	14734
18528	0.966	15321	7908	10348	14726	14801
18567	0.965	15321	7893	10348	14712	14799
18606	0.965	15321	7930	10348	14687	14795
18644	0.963	15321	7921	10348	14697	14762
18683	0.963	15321	7909	10348	14696	14757
18721	0.964	15321	7948	10348	14708	14776
18760	0.971	15321	7844	10348	14696	14879
18799	0.974	15321	7817	10348	14704	14932
18837	0.972	15321	7812	10348	14696	14906
18876	0.97	15321	7822	10348	14697	14870
18914	0.975	15321	7799	10348	14720	14947
18953	0.979	15321	7702	10348	14683	15001
18992	0.979	15321	7788	10348	14715	15004
19030	0.981	15321	7768	10348	14692	15038
19069	0.986	15321	7711	10348	14677	15108
19107	0.981	15321	7750	10348	14711	15042
19146	0.985	15321	7761	10348	14683	15097
19185	0.986	15321	7685	10348	14686	15120
19223	0.989	15321	7646	10348	14693	15163
19262	0.993	15321	7629	10348	14659	15225
19301	0.992	15321	7661	10348	14689	15210
19339	0.992	15321	7620	10348	14666	15206
19378	0.998	15321	7593	10348	14671	15293
19416	0.992	15321	7690	10348	14680	15213
19455	1	15321	7495	10348	14671	15324
19494	0.998	15321	7617	10348	14691	15297
19532	0.999	15321	7601	10348	14666	15319
19571	0.999	15321	7627	10348	14676	15308
19609	0.998	15321	7634	10348	14668	15300
19648	1.007	15321	7444	10348	14672	15443
19687	1.008	15321	7520	10348	14660	15458
19725	1.009	15321	7484	10348	14654	15467
19764	1.008	15321	7465	10348	14655	15450
19802	1.015	15321	7404	10348	14654	15558
19841	1.013	15321	7395	10348	14660	15530
19880	1.011	15321	7401	10348	14672	15501
19918	1.014	15321	7450	10348	14673	15544
19957	1.016	15321	7471	10348	14647	15575
19995	1.019	15321	7401	10348	14657	15617
20034	1.016	15321	7406	10348	14649	15578
20073	1.022	15321	7340	10348	14653	15668
20111	1.019	15321	7401	10348	14638	15614
20150	1.023	15321	7342	10348	14659	15684
20188	1.026	15321	7323	10348	14646	15720
20227	1.027	15321	7247	10348	14627	15741
20266	1.029	15321	7297	10348	14658	15780
20304	1.034	15321	7131	10348	14659	15855
20343	1.031	15321	7225	10348	14638	15803
20381	1.031	15321	7249	10348	14623	15804
20420	1.039	15321	7160	10348	14631	15922
20459	1.032	15321	7253	10348	14627	15813
20497	1.04	15321	7143	10348	14657	15941
20536	1.045	15321	7105	10348	14660	16022
20574	1.041	15321	7166	10348	14621	15958
20613	1.038	15321	7188	10348	14645	15918
20652	1.039	15321	7186	10348	14619	15926
20690	1.047	15321	7101	10348	14656	16045
20729	1.046	15321	7066	10348	14669	16026
20767	1.047	15321	7076	10348	14619	16053
20806	1.049	15321	7003	10348	14628	16080
20845	1.049	15321	7028	10348	14587	16083
20883	1.05	15321	7011	10348	14619	16102
20922	1.056	15321	6981	10348	14624	16185
20960	1.056	15321	6937	10348	14613	16184
20999	1.054	15321	6992	10348	14594	16157
21038	1.058	15321	6956	10348	14628	16215
21076	1.057	15321	6942	10348	14640	16208
21115	1.06	15321	6912	10348	14624	16247
21153	1.06	15321	6931	10348	14631	16250
21192	1.06	15321	6988	10348	14597	16242
21231	1.07	15321	6822	10348	14592	16399
21269	1.067	15321	6863	10348	14589	16350
21308	1.072	15321	6743	10348	14601	16427
21346	1.075	15321	6733	10348	14608	16482
21385	1.074	15321	6792	10348	14602	16468
21424	1.072	15321	6806	10348	14602	16438
21462	1.072	15321	6753	10348	14608	16433
21501	1.076	15321	6758	10348	14609	16495
21539	1.074	15321	6800	10348	14619	16465
21578	1.074	15321	6809	10348	14629	16462
21617	1.08	15321	6726	10348	14595	16549
21655	1.083	15321	6723	10348	14609	16604
21694	1.079	15321	6704	10348	14633	16546
21732	1.085	15321	6630	10348	14600	16637
21771	1.089	15321	6651	10348	14624	16687
21810	1.088	15321	6702	10348	14610	16674
21848	1.089	15321	6737	10348	14596	16685
21887	1.09	15321	6635	10348	14616	16707
21925	1.089	15321	6630	10348	14586	16693
21964	1.089	15321	6588	10348	14601	16685
22003	1.093	15321	6586	10348	14617	16758
22041	1.093	15321	6592	10348	14591	16751
22080	1.1	15321	6550	10348	14613	16859
22118	1.099	15321	6614	10348	14581	16848
22157	1.097	15321	6586	10348	14598	16820
22196	1.103	15321	6454	10348	14604	16901
22234	1.103	15321	6489	10348	14609	16906
22273	1.104	15321	6439	10348	14581	16924
22311	1.101	15321	6519	10348	14572	16875
22350	1.107	15321	6491	10348	14594	16971
22389	1.109	15321	6420	10348	14608	17005
22427	1.112	15321	6410	10348	14558	17050
22466	1.11	15321	6406	10348	14612	17015
22504	1.11	15321	6421	10348	14564	17017
22543	1.11	15321	6432	10348	14599	17008
22582	1.119	15321	6310	10348	14598	17151
22620	1.115	15321	6307	10348	14572	17088
22659	1.121	15321	6296	10348	14568	17179
22697	1.118	15321	6370	10348	14601	17129
22736	1.122	15321	6296	10348	14575	17196
22775	1.117	15321	6338	10348	14602	17126
22813	1.123	15321	6254	10348	14577	17209
22852	1.126	15321	6234	10348	14540	17257
22890	1.13	15321	6178	10348	14564	17317
22929	1.137	15321	6156	10348	14554	17434
22968	1.132	15321	6156	10348	14569	17353
23006	1.13	15321	6166	10348	14579	17326
23045	1.133	15321	6206	10348	14548	17373
23083	1.134	15321	6148	10348	14573	17379
23122	1.133	15321	6182	10348	14574	17374
23161	1.139	15321	6088	10348	14564	17458
23199	1.14	15321	6093	10348	14582	17477
23238	1.145	15321	5999	10348	14551	17543
23277	1.14	15321	6143	10348	14594	17467
23315	1.144	15321	6018	10348	14561	17528
23354	1.145	15321	6028	10348	14564	17547
23392	1.145	15321	6013	10348	14581	17544
23431	1.149	15321	5996	10348	14551	17611
23470	1.145	15321	6070	10348	14601	17544
23508	1.155	15321	5912	10348	14535	17703
23547	1.153	15321	5938	10348	14553	17671
23585	1.151	15321	5944	10348	14550	17643
23624	1.151	15321	5979	10348	14545	17647
23663	1.155	15321	5959	10348	14591	17704
23701	1.159	15321	5890	10348	14553	17767
23740	1.157	15321	5928	10348	14550	17737
23778	1.163	15321	5830	10348	14562	17821
23817	1.162	15321	5886	10348	14513	17807
23856	1.159	15321	5871	10348	14521	17761
23894	1.163	15321	5839	10348	14541	17831
23933	1.167	15321	5757	10348	14525	17884
23971	1.169	15321	5778	10348	14545	17920
24010	1.167	15321	5793	10348	14536	17882
24049	1.169	15321	5777	10348	14577	17911
24087	1.172	15321	5775	10348	14535	17967
24126	1.17	15321	5809	10348	14551	17926
24164	1.179	15321	5706	10348	14517	18071
24203	1.174	15321	5699	10348	14540	17987
24242	1.178	15321	5667	10348	14530	18052
24280	1.177	15321	5692	10348	14527	18033
24319	1.182	15321	5604	10348	14518	18115
24357	1.178	15321	5649	10348	14544	18052
24396	1.182	15321	5676	10348	14535	18115
24435	1.187	15321	5550	10348	14520	18188
24473	1.186	15321	5635	10348	14519	18180
24512	1.187	15321	5594	10348	14524	18189
24550	1.19	15321	5570	10348	14525	18241
24589	1.186	15321	5625	10348	14526	18172
24628	1.192	15321	5480	10348	14515	18271
24666	1.187	15321	5561	10348	14546	18199
24705	1.198	15321	5421	10348	14502	18361
24743	1.193	15321	5548	10348	14532	18285
24782	1.195	15321	5560	10348	14516	18311
24821	1.2	15321	5445	10348	14538	18387
24859	1.201	15321	5377	10348	14495	18401
24898	1.197	15321	5467	10348	14518	18341
24936	1.198	15321	5496	10348	14498	18368
24975	1.202	15321	5424	10348	14510	18419
25014	1.206	15321	5358	10348	14510	18481
25052	1.204	15321	5372	10348	14527	18459
25091	1.204	15321	5378	10348	14495	18451
25129	1.212	15321	5331	10348	14518	18580
25168	1.211	15321	5322	10348	14516	18569
25207	1.214	15321	5274	10348	14527	18609
25245	1.211	15321	5248	10348	14499	18558
25284	1.216	15321	5245	10348	14520	18644
25322	1.214	15321	5250	10348	14493	18614
25361	1.211	15321	5303	10348	14495	18556
25400	1.214	15321	5268	10348	14505	18615
25438	1.219	15321	5203	10348	14545	18689
25477	1.222	15321	5192	10348	14497	18732
25515	1.22	15321	5214	10348	14537	18699
25554	1.224	15321	5182	10348	14526	18766
25593	1.222	15321	5186	10348	14500	18731
25631	1.225	15321	5205	10348	14505	18777
25670	1.23	15321	5038	10348	14491	18852
25708	1.224	15321	5125	10348	14512	18768
25747	1.232	15321	5094	10348	14493	18889
25786	1.231	15321	5099	10348	14506	18862
25824	1.232	15321	5096	10348	14483	18889
25863	1.233	15321	5096	10348	14487	18901
25901	1.237	15321	4959	10348	14505	18953
25940	1.237	15321	5030	10348	14477	18958
25979	1.237	15321	5018	10348	14487	18962
26017	1.241	15321	5053	10348	14504	19018
26056	1.242	15321	4982	10348	14490	19032
26094	1.242	15321	4928	10348	14510	19036
26133	1.241	15321	4903	10348	14456	19022
26172	1.245	15321	4954	10348	14506	19077
26210	1.249	15321	4849	10348	14464	19148
26249	1.25	15321	4842	10348	14476	19158
26287	1.249	15321	4920	10348	14497	19136
26326	1.251	15321	4854	10348	14493	19177
26365	1.247	15321	4903	10348	14503	19107
26403	1.253	15321	4841	10348	14478	19201
26442	1.256	15321	4787	10348	14492	19257
26480	1.254	15321	4876	10348	14484	19217
26519	1.255	15321	4872	10348	14484	19240
26558	1.257	15321	4763	10348	14479	19264
26596	1.26	15321	4762	10348	14508	19312
26635	1.26	15321	4805	10348	14483	19316
26673	1.269	15321	4697	10348	14486	19444
26712	1.261	15321	4741	10348	14492	19328
26751	1.265	15321	4708	10348	14473	19395
26789	1.266	15321	4686	10348	14489	19410
26828	1.27	15321	4696	10348	14521	19464
26866	1.269	15321	4666	10348	14484	19457
26905	1.271	15321	4635	10348	14492	19480
26944	1.275	15321	4587	10348	14481	19537
26982	1.275	15321	4560	10348	14460	19537
27021	1.276	15321	4547	10348	14471	19554
27060	1.276	15321	4555	10348	14470	19557
27098	1.278	15321	4588	10348	14473	19582
27137	1.282	15321	4520	10348	14458	19653
27175	1.281	15321	4561	10348	14462	19634
27214	1.283	15321	4500	10348	14463	19670
27253	1.285	15321	4496	10348	14433	19694
27291	1.286	15321	4491	10348	14438	19718
27330	1.286	15321	4507	10348	14444	19712
27368	1.286	15321	4467	10348	14436	19705
27407	1.286	15321	4477	10348	14467	19706
27446	1.29	15321	4417	10348	14434	19777
27484	1.295	15321	4416	10348	14431	19851
27523	1.292	15321	4459	10348	14472	19806
27561	1.294	15321	4393	10348	14471	19829
27600	1.293	15321	4431	10348	14452	19820
27639	1.294	15321	4347	10348	14444	19837
27677	1.302	15321	4336	10348	14440	19955
27716	1.299	15321	4339	10348	14433	19916
27754	1.303	15321	4284	10348	14437	19974
27793	1.302	15321	4317	10348	14461	19962
27832	1.306	15321	4217	10348	14432	20017
27870	1.3	15321	4324	10348	14475	19932
27909	1.306	15321	4240	10348	14435	20015
27947	1.307	15321	4291	10348	14442	20036
27986	1.305	15321	4315	10348	14457	20006
28025	1.314	15321	4165	10348	14435	20144
28063	1.312	15321	4162	10348	14432	20114
28102	1.311	15321	4194	10348	14447	20086
28140	1.31	15321	4204	10348	14439	20085
28179	1.317	15321	4109	10348	14460	20182
28218	1.319	15321	4082	10348	14425	20220
28256	1.313	15321	4141	10348	14453	20118
28295	1.321	15321	4080	10348	14451	20254
28333	1.32	15321	4092	10348	14397	20224
28372	1.318	15321	4112	10348	14408	20204
28411	1.325	15321	4030	10348	14427	20307
28449	1.327	15321	3974	10348	14426	20343
28488	1.326	15321	3978	10348	14438	20318
28526	1.323	15321	4072	10348	14444	20271
28565	1.328	15321	3953	10348	14408	20355
28604	1.331	15321	3976	10348	14433	20399
28642	1.33	15321	3921	10348	14423	20380
28681	1.331	15321	3990	10348	14415	20395
28719	1.34	15321	3858	10348	14425	20534
28758	1.333	15321	3952	10348	14412	20424
28797	1.336	15321	3881	10348	14419	20477
28835	1.337	15321	3858	10348	14417	20492
28874	1.335	15321	3874	10348	14412	20465
28912	1.34	15321	3866	10348	14390	20533
28951	1.339	15321	3876	10348	14438	20516
28990	1.341	15321	3839	10348	14388	20552
29028	1.345	15321	3815	10348	14393	20608
29067	1.344	15321	3829	10348	14400	20597
29105	1.345	15321	3783	10348	14391	20619
29144	1.35	15321	3754	10348	14412	20692
29183	1.352	15321	3700	10348	14392	20714
29221	1.353	15321	3723	10348	14439	20735
29260	1.353	15321	3706	10348	14392	20730
29298	1.352	15321	3646	10348	14428	20714
29337	1.353	15321	3719	10348	14389	20737
29376	1.354	15321	3712	10348	14422	20758
29414	1.354	15321	3664	10348	14418	20758
29453	1.359	15321	3601	10348	14392	20835
29491	1.357	15321	3639	10348	14397	20799
29530	1.361	15321	3632	10348	14411	20861
29569	1.36	15321	3570	10348	14379	20842
29607	1.362	15321	3574	10348	14368	20871
29646	1.365	15321	3528	10348	14379	20922
29684	1.368	15321	3529	10348	14393	20964
29723	1.366	15321	3562	10348	14387	20935
29762	1.369	15321	3512	10348	14375	20977
29800	1.368	15321	3506	10348	14356	20970
29839	1.373	15321	3377	10348	14427	21041
29877	1.371	15321	3558	10348	14383	21014
29916	1.375	15321	3409	10348	14374	21070
29955	1.372	15321	3456	10348	14398	21024
29993	1.378	15321	3415	10348	14364	21113
30032	1.38	15321	3334	10348	14360	21148
30070	1.387	15321	3311	10348	14394	21257
30109	1.38	15321	3387	10348	14385	21154
30148	1.381	15321	3365	10348	14358	21168
30186	1.385	15321	3341	10348	14356	21222
30225	1.386	15321	3295	10348	14369	21243
30263	1.385	15321	3330	10348	14343	21224
30302	1.392	15321	3268	10348	14380	21340
30341	1.386	15321	3307	10348	14363	21250
30379	1.39	15321	3287	10348	14354	21307
30418	1.388	15321	3286	10348	14375	21270
30456	1.397	15321	3142	10348	14351	21409
30495	1.395	15321	3196	10348	14389	21384
30534	1.399	15321	3110	10348	14360	21447
30572	1.396	15321	3189	10348	14383	21395
30611	1.398	15321	3203	10348	14403	21426
30649	1.4	15321	3166	10348	14364	21463
30688	1.399	15321	3136	10348	14355	21436
30727	1.403	15321	3113	10348	14356	21509
30765	1.404	15321	3099	10348	14344	21519
30804	1.403	15321	3109	10348	14345	21497
30842	1.406	15321	3089	10348	14362	21551
30881	1.408	15321	3092	10348	14319	21582
30920	1.409	15321	3080	10348	14360	21591
30958	1.406	15321	3071	10348	14356	21547
30997	1.412	15321	3004	10348	14343	21640
31036	1.41	15321	3051	10348	14366	21613
31074	1.416	15321	2987	10348	14372	21704
31113	1.418	15321	2935	10348	14387	21729
31151	1.417	15321	3011	10348	14326	21714
31190	1.416	15321	2941	10348	14334	21703
31229	1.421	15321	2888	10348	14324	21780
31267	1.42	15321	2905	10348	14337	21768
31306	1.423	15321	2863	10348	14342	21807
31344	1.426	15321	2824	10348	14334	21857
31383	1.423	15321	2865	10348	14320	21807
31422	1.427	15321	2844	10348	14327	21866
31460	1.423	15321	2915	10348	14346	21807
31499	1.422	15321	2900	10348	14322	21798
31537	1.429	15321	2790	10348	14315	21901
31576	1.431	15321	2803	10348	14322	21934
31615	1.43	15321	2790	10348	14333	21920
31653	1.433	15321	2729	10348	14325	21963
31692	1.433	15321	2757	10348	14328	21966
31730	1.434	15321	2718	10348	14331	21985
31769	1.437	15321	2716	10348	14344	22017
31808	1.439	15321	2655	10348	14308	22053
31846	1.434	15321	2778	10348	14321	21971
31885	1.44	15321	2679	10348	14317	22076
31923	1.445	15321	2633	10348	14308	22143
31962	1.443	15321	2591	10348	14298	22120
32001	1.444	15321	2634	10348	14311	22136
32039	1.446	15321	2628	10348	14321	22157
32078	1.45	15321	2535	10348	14313	22226
32116	1.45	15321	2542	10348	14329	22227
32155	1.454	15321	2484	10348	14298	22278
32194	1.45	15321	2539	10348	14316	22226
32232	1.456	15321	2503	10348	14293	22314
32271	1.456	15321	2499	10348	14310	22321
32309	1.455	15321	2488	10348	14288	22294
32348	1.458	15321	2448	10348	14306	22341
32387	1.457	15321	2463	10348	14312	22332
32425	1.458	15321	2459	10348	14286	22352
32464	1.462	15321	2414	10348	14280	22411
32502	1.461	15321	2419	10348	14313	22396
32541	1.462	15321	2379	10348	14303	22411
32580	1.466	15321	2338	10348	14303	22471
32618	1.465	15321	2377	10348	14318	22446
32657	1.467	15321	2393	10348	14313	22482
32695	1.471	15321	2316	10348	14302	22552
32734	1.468	15321	2320	10348	14292	22493
32773	1.47	15321	2283	10348	14291	22537
32811	1.47	15321	2322	10348	14304	22536
32850	1.472	15321	2322	10348	14299	22564
32888	1.475	15321	2230	10348	14287	22611
32927	1.474	15321	2267	10348	14302	22595
32966	1.477	15321	2193	10348	14278	22643
33004	1.481	15321	2162	10348	14302	22696
33043	1.48	15321	2181	10348	14267	22683
33081	1.479	15321	2178	10348	14300	22661
33120	1.48	15321	2173	10348	14276	22685
33159	1.485	15321	2128	10348	14278	22759
33197	1.489	15321	2064	10348	14256	22816
33236	1.486	15321	2107	10348	14281	22771
33274	1.483	15321	2146	10348	14274	22728
33313	1.489	15321	2075	10348	14293	22826
33352	1.49	15321	2047	10348	14276	22843
33390	1.489	15321	2119	10348	14291	22817
33429	1.493	15321	2023	10348	14275	22878
33467	1.492	15321	2033	10348	14256	22864
33506	1.493	15321	2037	10348	14272	22887
33545	1.496	15321	1984	10348	14278	22929
33583	1.494	15321	2015	10348	14290	22904
33622	1.498	15321	1995	10348	14273	22953
33660	1.5	15321	1924	10348	14270	22994
33699	1.5	15321	1971	10348	14271	22984
33738	1.502	15321	1897	10348	14259	23013
33776	1.503	15321	1944	10348	14256	23033
33815	1.502	15321	1923	10348	14259	23015
33853	1.504	15321	1923	10348	14258	23049
33892	1.507	15321	1903	10348	14263	23092
33931	1.506	15321	1868	10348	14272	23087
33969	1.507	15321	1865	10348	14273	23098
34008	1.51	15321	1754	10348	14279	23149
34046	1.513	15321	1777	10348	14249	23187
34085	1.51	15321	1835	10348	14270	23137
34124	1.515	15321	1769	10348	14253	23216
34162	1.518	15321	1753	10348	14295	23265
34201	1.514	15321	1798	10348	14248	23208
34239	1.515	15321	1805	10348	14247	23215
34278	1.519	15321	1715	10348	14295	23287
34317	1.523	15321	1700	10348	14277	23340
34355	1.525	15321	1618	10348	14263	23376
34394	1.52	15321	1708	10348	14260	23297
34432	1.526	15321	1654	10348	14231	23390
34471	1.528	15321	1606	10348	14237	23417
34510	1.527	15321	1615	10348	14275	23408
34548	1.529	15321	1603	10348	14255	23433
34587	1.53	15321	1608	10348	14262	23452
34625	1.529	15321	1580	10348	14251	23427
34664	1.53	15321	1566	10348	14266	23445
34703	1.533	15321	1544	10348	14249	23500
34741	1.533	15321	1554	10348	14244	23493
34780	1.533	15321	1523	10348	14238	23498
34819	1.535	15321	1508	10348	14228	23520
34857	1.535	15321	1506	10348	14263	23528
34896	1.537	15321	1543	10348	14248	23560
34934	1.538	15321	1500	10348	14240	23578
34973	1.54	15321	1505	10348	14255	23599
35012	1.541	15321	1473	10348	14251	23621
35050	1.543	15321	1450	10348	14257	23653
35089	1.548	15321	1377	10348	14238	23722
35127	1.547	15321	1342	10348	14237	23716
35166	1.551	15321	1341	10348	14241	23769
35205	1.548	15321	1360	10348	14221	23724
35243	1.551	15321	1335	10348	14225	23764
35282	1.551	15321	1333	10348	14227	23772
35320	1.553	15321	1307	10348	14244	23797
35359	1.554	15321	1266	10348	14233	23811
35398	1.555	15321	1255	10348	14213	23826
35436	1.558	15321	1220	10348	14224	23885
35475	1.556	15321	1285	10348	14260	23842
35513	1.561	15321	1211	10348	14235	23931
35552	1.56	15321	1187	10348	14243	23909
35591	1.562	15321	1227	10348	14226	23940
35629	1.56	15321	1200	10348	14235	23912
35668	1.564	15321	1168	10348	14232	23974
35706	1.563	15321	1172	10348	14233	23961
35745	1.566	15321	1141	10348	14227	23998
35784	1.572	15321	1106	10348	14221	24098
35822	1.57	15321	1092	10348	14211	24065
35861	1.571	15321	1081	10348	14234	24080
35899	1.573	15321	1048	10348	14217	24110
35938	1.573	15321	1074	10348	14202	24107
35977	1.576	15321	1039	10348	14198	24146
36015	1.574	15321	1054	10348	14226	24120
36054	1.578	15321	1023	10348	14209	24181
36092	1.58	15321	999	10348	14204	24218
36131	1.58	15321	951	10348	14197	24217
36170	1.58	15321	974	10348	14216	24215
36208	1.584	15321	908	10348	14219	24280
36247	1.583	15321	908	10348	14222	24258
36285	1.584	15321	888	10348	14201	24282
36324	1.584	15321	922	10348	14212	24274
36363	1.586	15321	887	10348	14210	24303
36401	1.589	15321	844	10348	14190	24358
36440	1.591	15321	842	10348	14197	24377
36478	1.589	15321	858	10348	14208	24353
36517	1.592	15321	822	10348	14200	24393
36556	1.592	15321	822	10348	14200	24400
36594	1.595	15321	790	10348	14181	24437
36633	1.597	15321	750	10348	14203	24476
36671	1.597	15321	744	10348	14198	24472
36710	1.594	15321	784	10348	14193	24432
36749	1.599	15321	737	10348	14195	24499
36787	1.6	15321	715	10348	14191	24517
36826	1.601	15321	696	10348	14195	24532
36864	1.602	15321	697	10348	14202	24545
36903	1.604	15321	643	10348	14185	24584
36942	1.607	15321	645	10348	14194	24635
36980	1.607	15321	621	10348	14192	24630
37019	1.607	15321	620	10348	14166	24631
37057	1.607	15321	616	10348	14190	24633
37096	1.609	15321	601	10348	14176	24653
37135	1.61	15321	601	10348	14192	24676
37173	1.612	15321	560	10348	14165	24705
37212	1.612	15321	544	10348	14166	24711
37250	1.613	15321	555	10348	14165	24717
37289	1.616	15321	495	10348	14168	24768
37328	1.615	15321	552	10348	14178	24751
37366	1.617	15321	480	10348	14186	24784
37405	1.62	15321	480	10348	14169	24822
37443	1.619	15321	474	10348	14170	24808
37482	1.623	15321	423	10348	14164	24868
37521	1.622	15321	418	10348	14168	24861
37559	1.624	15321	421	10348	14165	24888
37598	1.626	15321	396	10348	14174	24915
37636	1.627	15321	390	10348	14170	24938
37675	1.629	15321	360	10348	14160	24959
37714	1.629	15321	354	10348	14168	24970
37752	1.63	15321	342	10348	14175	24980
37791	1.631	15321	333	10348	14154	24994
37829	1.632	15321	323	10348	14167	25009
37868	1.634	15321	273	10348	14164	25039
37907	1.634	15321	288	10348	14156	25039
37945	1.636	15321	263	10348	14166	25073
37984	1.638	15321	237	10348	14161	25100
38022	1.638	15321	250	10348	14166	25097
38061	1.64	15321	212	10348	14155	25137
38100	1.641	15321	197	10348	14160	25150
38138	1.642	15321	197	10348	14169	25163
38177	1.643	15321	164	10348	14146	25184
38215	1.645	15321	160	10348	14147	25212
38254	1.646	15321	137	10348	14154	25220
38293	1.647	15321	117	10348	14157	25242
38331	1.649	15321	107	10348	14148	25266
38370	1.65	15321	84	10348	14143	25281
38408	1.651	15321	84	10348	14138	25299
38447	1.652	15321	64	10348	14142	25315
38486	1.653	15321	48	10348	14140	25334
38524	1.655	15321	34	10348	14139	25361
38563	1.656	15321	16	10348	14137	25381
38602	1.657	15321	0	10348	14136	25402
