dist	 eta-scaled	Opt	Trust	Greedy	TrustGreedy	 eta-unslaced
0	0	15321	15321	10348	15321	0
38	0.002	15321	15306	10348	15319	37
77	0.004	15321	15295	10348	15319	76
115	0.007	15321	15286	10348	15318	111
154	0.009	15321	15279	10348	15314	146
193	0.011	15321	15267	10348	15316	183
231	0.014	15321	15247	10348	15314	215
270	0.015	15321	15235	10348	15309	245
308	0.018	15321	15237	10348	15310	280
347	0.02	15321	15220	10348	15311	313
386	0.021	15321	15213	10348	15312	334
424	0.023	15321	15194	10348	15313	361
463	0.026	15321	15189	10348	15307	403
501	0.028	15321	15181	10348	15309	441
540	0.031	15321	15161	10348	15305	475
579	0.032	15321	15162	10348	15306	494
617	0.033	15321	15132	10348	15308	510
656	0.035	15321	15149	10348	15310	548
694	0.036	15321	15133	10348	15308	564
733	0.039	15321	15101	10348	15305	612
772	0.04	15321	15082	10348	15296	622
810	0.042	15321	15105	10348	15301	654
849	0.044	15321	15028	10348	15286	684
887	0.046	15321	15060	10348	15299	707
926	0.048	15321	15064	10348	15293	749
965	0.05	15321	15041	10348	15297	769
1003	0.051	15321	15036	10348	15286	783
1042	0.054	15321	15018	10348	15291	831
1080	0.053	15321	15008	10348	15291	816
1119	0.054	15321	15018	10348	15294	836
1158	0.057	15321	15003	10348	15283	888
1196	0.058	15321	14988	10348	15294	890
1235	0.06	15321	14973	10348	15280	927
1273	0.062	15321	14981	10348	15291	955
1312	0.064	15321	14941	10348	15283	991
1351	0.063	15321	14967	10348	15291	975
1389	0.066	15321	14918	10348	15291	1017
1428	0.069	15321	14913	10348	15286	1072
1466	0.071	15321	14937	10348	15285	1088
1505	0.073	15321	14904	10348	15283	1122
1544	0.074	15321	14864	10348	15273	1147
1582	0.075	15321	14877	10348	15288	1162
1621	0.076	15321	14900	10348	15290	1175
1659	0.079	15321	14851	10348	15273	1222
1698	0.08	15321	14838	10348	15266	1228
1737	0.082	15321	14810	10348	15274	1267
1775	0.085	15321	14822	10348	15282	1305
1814	0.085	15321	14847	10348	15279	1317
1852	0.086	15321	14786	10348	15279	1321
1891	0.088	15321	14749	10348	15271	1349
1930	0.09	15321	14768	10348	15267	1391
1968	0.091	15321	14748	10348	15273	1400
2007	0.093	15321	14723	10348	15269	1439
2045	0.094	15321	14752	10348	15267	1446
2084	0.095	15321	14708	10348	15263	1466
2123	0.096	15321	14690	10348	15259	1474
2161	0.099	15321	14699	10348	15255	1520
2200	0.1	15321	14670	10348	15274	1534
2238	0.101	15321	14718	10348	15257	1552
2277	0.103	15321	14664	10348	15261	1590
2316	0.104	15321	14665	10348	15248	1607
2354	0.104	15321	14665	10348	15246	1606
2393	0.108	15321	14627	10348	15250	1657
2431	0.106	15321	14644	10348	15269	1634
2470	0.109	15321	14652	10348	15251	1672
2509	0.11	15321	14632	10348	15250	1700
2547	0.111	15321	14589	10348	15258	1707
2586	0.115	15321	14577	10348	15234	1765
2624	0.118	15321	14591	10348	15252	1810
2663	0.118	15321	14573	10348	15255	1811
2702	0.118	15321	14589	10348	15247	1815
2740	0.121	15321	14575	10348	15244	1857
2779	0.122	15321	14545	10348	15237	1882
2817	0.122	15321	14560	10348	15255	1882
2856	0.126	15321	14507	10348	15225	1932
2895	0.127	15321	14474	10348	15252	1958
2933	0.127	15321	14495	10348	15241	1959
2972	0.127	15321	14470	10348	15239	1948
3010	0.126	15321	14520	10348	15238	1939
3049	0.132	15321	14465	10348	15233	2028
3088	0.131	15321	14472	10348	15236	2021
3126	0.134	15321	14440	10348	15248	2059
3165	0.137	15321	14416	10348	15228	2108
3203	0.137	15321	14443	10348	15231	2104
3242	0.14	15321	14421	10348	15226	2147
3281	0.141	15321	14380	10348	15229	2166
3319	0.14	15321	14429	10348	15242	2151
3358	0.143	15321	14407	10348	15256	2201
3396	0.143	15321	14412	10348	15227	2206
3435	0.143	15321	14389	10348	15211	2193
3474	0.148	15321	14322	10348	15233	2281
3512	0.148	15321	14376	10348	15230	2280
3551	0.15	15321	14337	10348	15224	2299
3589	0.149	15321	14322	10348	15224	2297
3628	0.152	15321	14347	10348	15222	2329
3667	0.152	15321	14298	10348	15226	2339
3705	0.156	15321	14300	10348	15209	2394
3744	0.157	15321	14313	10348	15224	2420
3782	0.157	15321	14320	10348	15225	2407
3821	0.159	15321	14281	10348	15217	2441
3860	0.159	15321	14253	10348	15219	2444
3898	0.162	15321	14273	10348	15222	2496
3937	0.163	15321	14212	10348	15183	2510
3976	0.165	15321	14235	10348	15211	2537
4014	0.163	15321	14241	10348	15196	2511
4053	0.166	15321	14214	10348	15198	2554
4091	0.171	15321	14153	10348	15200	2632
4130	0.169	15321	14194	10348	15201	2599
4169	0.172	15321	14192	10348	15231	2637
4207	0.172	15321	14207	10348	15216	2642
4246	0.174	15321	14164	10348	15209	2680
4284	0.176	15321	14124	10348	15209	2697
4323	0.173	15321	14174	10348	15210	2659
4362	0.178	15321	14176	10348	15213	2736
4400	0.178	15321	14122	10348	15198	2733
4439	0.181	15321	14070	10348	15183	2787
4477	0.182	15321	14109	10348	15229	2797
4516	0.183	15321	14106	10348	15204	2805
4555	0.184	15321	14152	10348	15208	2831
4593	0.184	15321	14108	10348	15199	2821
4632	0.181	15321	14161	10348	15199	2781
4670	0.19	15321	14081	10348	15210	2914
4709	0.191	15321	14082	10348	15186	2928
4748	0.188	15321	14059	10348	15208	2894
4786	0.188	15321	14062	10348	15192	2881
4825	0.188	15321	14115	10348	15188	2885
4863	0.191	15321	14071	10348	15185	2932
4902	0.195	15321	14000	10348	15192	2997
4941	0.195	15321	14021	10348	15205	2989
4979	0.2	15321	13965	10348	15215	3067
5018	0.202	15321	13982	10348	15198	3097
5056	0.202	15321	13959	10348	15179	3101
5095	0.202	15321	13981	10348	15199	3099
5134	0.201	15321	13951	10348	15197	3089
5172	0.206	15321	13914	10348	15200	3159
5211	0.205	15321	13905	10348	15187	3144
5249	0.206	15321	13926	10348	15186	3164
5288	0.205	15321	13988	10348	15196	3154
5327	0.21	15321	13903	10348	15186	3225
5365	0.211	15321	13914	10348	15197	3243
5404	0.213	15321	13877	10348	15190	3266
5442	0.214	15321	13883	10348	15199	3279
5481	0.215	15321	13869	10348	15191	3296
5520	0.215	15321	13888	10348	15175	3300
5558	0.215	15321	13907	10348	15185	3299
5597	0.217	15321	13837	10348	15180	3331
5635	0.217	15321	13856	10348	15166	3336
5674	0.222	15321	13830	10348	15158	3405
5713	0.223	15321	13834	10348	15165	3422
5751	0.225	15321	13769	10348	15167	3449
5790	0.223	15321	13812	10348	15153	3430
5828	0.226	15321	13798	10348	15157	3474
5867	0.229	15321	13817	10348	15174	3518
5906	0.226	15321	13803	10348	15169	3472
5944	0.23	15321	13807	10348	15153	3524
5983	0.231	15321	13763	10348	15168	3549
6021	0.23	15321	13769	10348	15176	3528
6060	0.231	15321	13781	10348	15166	3554
6099	0.234	15321	13755	10348	15193	3590
6137	0.235	15321	13688	10348	15157	3605
6176	0.235	15321	13783	10348	15168	3615
6214	0.233	15321	13786	10348	15165	3581
6253	0.24	15321	13673	10348	15173	3689
6292	0.24	15321	13693	10348	15147	3685
6330	0.24	15321	13728	10348	15157	3688
6369	0.243	15321	13665	10348	15129	3734
6407	0.243	15321	13689	10348	15143	3730
6446	0.244	15321	13607	10348	15154	3748
6485	0.245	15321	13633	10348	15162	3767
6523	0.248	15321	13615	10348	15143	3808
6562	0.248	15321	13658	10348	15166	3804
6600	0.246	15321	13675	10348	15142	3781
6639	0.248	15321	13641	10348	15153	3811
6678	0.248	15321	13699	10348	15156	3812
6716	0.254	15321	13622	10348	15145	3903
6755	0.255	15321	13618	10348	15158	3916
6793	0.258	15321	13576	10348	15142	3955
6832	0.256	15321	13634	10348	15150	3923
6871	0.259	15321	13526	10348	15145	3973
6909	0.258	15321	13562	10348	15134	3958
6948	0.263	15321	13512	10348	15131	4033
6986	0.26	15321	13578	10348	15174	3997
7025	0.262	15321	13589	10348	15146	4022
7064	0.261	15321	13549	10348	15125	4006
7102	0.265	15321	13550	10348	15138	4072
7141	0.259	15321	13620	10348	15181	3973
7179	0.264	15321	13557	10348	15147	4055
7218	0.27	15321	13483	10348	15131	4139
7257	0.27	15321	13431	10348	15151	4145
7295	0.268	15321	13470	10348	15139	4110
7334	0.273	15321	13478	10348	15147	4189
7372	0.274	15321	13520	10348	15131	4202
7411	0.277	15321	13413	10348	15111	4257
7450	0.276	15321	13408	10348	15122	4239
7488	0.274	15321	13493	10348	15137	4205
7527	0.279	15321	13488	10348	15142	4284
7565	0.277	15321	13459	10348	15145	4255
7604	0.28	15321	13432	10348	15131	4290
7643	0.283	15321	13338	10348	15128	4350
7681	0.28	15321	13436	10348	15110	4295
7720	0.28	15321	13431	10348	15115	4294
7759	0.285	15321	13431	10348	15143	4368
7797	0.285	15321	13345	10348	15124	4374
7836	0.284	15321	13359	10348	15143	4358
7874	0.287	15321	13379	10348	15130	4406
7913	0.289	15321	13357	10348	15138	4430
7952	0.289	15321	13390	10348	15131	4433
7990	0.291	15321	13326	10348	15113	4461
8029	0.295	15321	13294	10348	15082	4530
8067	0.291	15321	13322	10348	15108	4472
8106	0.295	15321	13342	10348	15123	4530
8145	0.296	15321	13346	10348	15129	4543
8183	0.298	15321	13331	10348	15130	4568
8222	0.297	15321	13325	10348	15091	4565
8260	0.299	15321	13292	10348	15105	4582
8299	0.302	15321	13265	10348	15121	4630
8338	0.306	15321	13241	10348	15103	4693
8376	0.303	15321	13264	10348	15111	4649
8415	0.298	15321	13370	10348	15120	4579
8453	0.3	15321	13254	10348	15125	4607
8492	0.303	15321	13231	10348	15120	4646
8531	0.308	15321	13220	10348	15114	4734
8569	0.305	15321	13307	10348	15137	4686
8608	0.309	15321	13215	10348	15096	4743
8646	0.31	15321	13264	10348	15132	4762
8685	0.308	15321	13228	10348	15092	4723
8724	0.312	15321	13219	10348	15095	4783
8762	0.311	15321	13191	10348	15090	4779
8801	0.31	15321	13261	10348	15113	4758
8839	0.321	15321	13161	10348	15106	4919
8878	0.322	15321	13165	10348	15095	4936
8917	0.316	15321	13197	10348	15095	4844
8955	0.32	15321	13180	10348	15097	4906
8994	0.321	15321	13149	10348	15077	4921
9032	0.321	15321	13158	10348	15111	4929
9071	0.323	15321	13129	10348	15091	4957
9110	0.324	15321	13149	10348	15104	4972
9148	0.326	15321	13077	10348	15090	4998
9187	0.325	15321	13103	10348	15100	4991
9225	0.328	15321	13093	10348	15100	5029
9264	0.332	15321	13037	10348	15066	5093
9303	0.331	15321	13079	10348	15114	5072
9341	0.328	15321	13086	10348	15107	5036
9380	0.332	15321	13071	10348	15096	5094
9418	0.337	15321	13035	10348	15096	5176
9457	0.334	15321	13049	10348	15068	5123
9496	0.335	15321	13048	10348	15083	5137
9534	0.336	15321	13066	10348	15092	5159
9573	0.335	15321	13065	10348	15076	5133
9611	0.34	15321	13041	10348	15094	5222
9650	0.339	15321	13029	10348	15094	5205
9689	0.342	15321	13015	10348	15096	5242
9727	0.34	15321	13082	10348	15088	5220
9766	0.341	15321	13039	10348	15104	5237
9804	0.346	15321	12998	10348	15062	5302
9843	0.347	15321	12961	10348	15095	5327
9882	0.346	15321	12983	10348	15081	5303
9920	0.345	15321	12961	10348	15090	5301
9959	0.346	15321	12976	10348	15076	5314
9997	0.352	15321	12965	10348	15069	5399
10036	0.346	15321	13020	10348	15076	5316
10075	0.347	15321	12987	10348	15068	5322
10113	0.352	15321	12974	10348	15091	5406
10152	0.352	15321	12898	10348	15077	5404
10190	0.356	15321	12897	10348	15072	5463
10229	0.357	15321	12899	10348	15031	5484
10268	0.353	15321	12912	10348	15075	5414
10306	0.358	15321	12933	10348	15062	5494
10345	0.356	15321	12918	10348	15073	5456
10383	0.36	15321	12886	10348	15059	5527
10422	0.361	15321	12828	10348	15063	5539
10461	0.364	15321	12874	10348	15052	5590
10499	0.363	15321	12921	10348	15073	5566
10538	0.367	15321	12863	10348	15076	5637
10576	0.367	15321	12809	10348	15052	5627
10615	0.363	15321	12869	10348	15076	5574
10654	0.366	15321	12915	10348	15030	5609
10692	0.368	15321	12773	10348	15052	5648
10731	0.375	15321	12785	10348	15054	5749
10769	0.371	15321	12880	10348	15060	5697
10808	0.371	15321	12836	10348	15059	5695
10847	0.372	15321	12851	10348	15042	5702
10885	0.378	15321	12711	10348	15041	5801
10924	0.377	15321	12734	10348	15063	5785
10962	0.377	15321	12807	10348	15082	5790
11001	0.376	15321	12801	10348	15041	5772
11040	0.382	15321	12787	10348	15057	5860
11078	0.38	15321	12797	10348	15055	5832
11117	0.382	15321	12787	10348	15067	5864
11155	0.382	15321	12774	10348	15066	5859
11194	0.38	15321	12768	10348	15073	5828
11233	0.387	15321	12710	10348	15031	5933
11271	0.388	15321	12717	10348	15081	5947
11310	0.383	15321	12752	10348	15044	5881
11348	0.385	15321	12776	10348	15048	5906
11387	0.39	15321	12660	10348	15054	5986
11426	0.388	15321	12696	10348	15040	5949
11464	0.388	15321	12725	10348	15052	5950
11503	0.394	15321	12656	10348	15025	6039
11541	0.391	15321	12714	10348	15068	5994
11580	0.389	15321	12690	10348	15051	5971
11619	0.39	15321	12761	10348	15049	5983
11657	0.392	15321	12694	10348	15062	6008
11696	0.395	15321	12697	10348	15071	6064
11735	0.397	15321	12596	10348	15049	6090
11773	0.402	15321	12586	10348	15028	6164
11812	0.398	15321	12649	10348	15047	6099
11850	0.403	15321	12621	10348	15080	6180
11889	0.402	15321	12679	10348	15057	6173
11928	0.404	15321	12606	10348	15008	6197
11966	0.401	15321	12610	10348	15034	6152
12005	0.401	15321	12617	10348	15040	6148
12043	0.404	15321	12658	10348	15043	6203
12082	0.412	15321	12564	10348	15026	6327
12121	0.412	15321	12505	10348	15041	6325
12159	0.411	15321	12528	10348	15014	6301
12198	0.41	15321	12521	10348	15014	6293
12236	0.404	15321	12596	10348	15031	6195
12275	0.411	15321	12604	10348	15045	6305
12314	0.415	15321	12562	10348	15051	6366
12352	0.413	15321	12589	10348	15021	6332
12391	0.413	15321	12503	10348	15038	6331
12429	0.415	15321	12564	10348	15023	6372
12468	0.419	15321	12571	10348	15067	6429
12507	0.418	15321	12552	10348	15052	6417
12545	0.424	15321	12487	10348	15023	6504
12584	0.417	15321	12584	10348	15034	6397
12622	0.421	15321	12542	10348	15035	6458
12661	0.422	15321	12519	10348	15048	6478
12700	0.425	15321	12475	10348	15036	6518
12738	0.423	15321	12497	10348	15041	6490
12777	0.423	15321	12523	10348	15059	6494
12815	0.428	15321	12490	10348	15033	6568
12854	0.424	15321	12532	10348	15022	6504
12893	0.43	15321	12446	10348	15009	6593
12931	0.426	15321	12437	10348	15021	6542
12970	0.427	15321	12478	10348	15005	6552
13008	0.429	15321	12502	10348	15044	6577
13047	0.429	15321	12466	10348	15024	6586
13086	0.433	15321	12531	10348	15037	6647
13124	0.435	15321	12427	10348	15021	6669
13163	0.436	15321	12411	10348	15044	6692
13201	0.438	15321	12397	10348	15030	6714
13240	0.44	15321	12436	10348	15033	6751
13279	0.441	15321	12422	10348	15028	6769
13317	0.437	15321	12448	10348	15019	6705
13356	0.443	15321	12387	10348	15011	6796
13394	0.445	15321	12423	10348	15021	6828
13433	0.443	15321	12383	10348	15043	6792
13472	0.443	15321	12380	10348	15012	6800
13510	0.448	15321	12363	10348	15021	6867
13549	0.451	15321	12329	10348	15032	6915
13587	0.444	15321	12374	10348	15009	6813
13626	0.447	15321	12340	10348	15027	6859
13665	0.449	15321	12376	10348	14980	6884
13703	0.455	15321	12343	10348	15031	6979
13742	0.448	15321	12402	10348	15027	6877
13780	0.446	15321	12328	10348	15009	6839
13819	0.456	15321	12349	10348	15027	6998
13858	0.453	15321	12357	10348	15020	6950
13896	0.458	15321	12275	10348	14981	7029
13935	0.456	15321	12328	10348	15006	6995
13973	0.453	15321	12357	10348	15005	6950
14012	0.457	15321	12285	10348	15004	7013
14051	0.459	15321	12313	10348	15019	7033
14089	0.461	15321	12264	10348	15008	7075
14128	0.463	15321	12271	10348	15005	7100
14166	0.457	15321	12304	10348	15018	7013
14205	0.467	15321	12190	10348	15007	7156
14244	0.461	15321	12312	10348	14989	7065
14282	0.467	15321	12234	10348	15017	7170
14321	0.465	15321	12284	10348	15014	7132
14359	0.467	15321	12218	10348	15027	7169
14398	0.465	15321	12268	10348	15001	7139
14437	0.467	15321	12266	10348	15014	7164
14475	0.467	15321	12309	10348	15001	7158
14514	0.472	15321	12250	10348	15022	7232
14552	0.474	15321	12239	10348	14992	7266
14591	0.47	15321	12241	10348	14998	7202
14630	0.468	15321	12298	10348	15027	7175
14668	0.468	15321	12270	10348	15007	7178
14707	0.471	15321	12277	10348	14993	7218
14745	0.477	15321	12163	10348	15023	7314
14784	0.479	15321	12137	10348	14999	7349
14823	0.478	15321	12146	10348	14979	7338
14861	0.479	15321	12183	10348	14966	7353
14900	0.48	15321	12256	10348	15002	7357
14938	0.48	15321	12187	10348	14987	7367
14977	0.477	15321	12215	10348	14995	7311
15016	0.481	15321	12207	10348	14999	7375
15054	0.483	15321	12171	10348	15021	7410
15093	0.486	15321	12158	10348	15001	7460
15131	0.485	15321	12165	10348	14983	7442
15170	0.487	15321	12184	10348	14981	7463
15209	0.483	15321	12172	10348	14988	7411
15247	0.484	15321	12169	10348	14988	7430
15286	0.496	15321	12103	10348	14972	7603
15324	0.492	15321	12164	10348	15003	7541
15363	0.494	15321	12007	10348	14989	7572
15402	0.496	15321	12082	10348	14981	7602
15440	0.492	15321	12104	10348	14963	7544
15479	0.501	15321	12037	10348	14961	7686
15518	0.496	15321	12104	10348	14983	7603
15556	0.496	15321	12103	10348	14974	7613
15595	0.5	15321	12113	10348	14988	7665
15633	0.5	15321	12084	10348	14978	7665
15672	0.499	15321	12071	10348	14962	7658
15711	0.503	15321	12059	10348	14987	7714
15749	0.499	15321	12116	10348	14990	7656
15788	0.506	15321	12024	10348	14971	7761
15826	0.504	15321	12057	10348	14996	7736
15865	0.503	15321	12073	10348	15010	7716
15904	0.502	15321	12132	10348	14985	7698
15942	0.498	15321	12141	10348	14978	7643
15981	0.501	15321	12119	10348	15002	7678
16019	0.514	15321	12013	10348	14970	7884
16058	0.51	15321	12069	10348	15001	7827
16097	0.508	15321	12051	10348	14987	7794
16135	0.514	15321	11969	10348	14965	7877
16174	0.513	15321	12009	10348	14981	7867
16212	0.513	15321	11995	10348	14962	7861
16251	0.514	15321	12060	10348	14970	7878
16290	0.516	15321	11996	10348	14952	7906
16328	0.517	15321	11994	10348	14975	7930
16367	0.521	15321	11974	10348	14961	7989
16405	0.523	15321	11904	10348	14945	8017
16444	0.524	15321	11995	10348	14966	8030
16483	0.515	15321	12041	10348	14960	7901
16521	0.521	15321	12015	10348	14958	7984
16560	0.526	15321	11964	10348	14960	8059
16598	0.521	15321	11951	10348	14984	7985
16637	0.519	15321	12051	10348	14977	7958
16676	0.523	15321	11963	10348	14966	8025
16714	0.527	15321	11978	10348	14993	8088
16753	0.534	15321	11906	10348	14948	8186
16791	0.521	15321	11998	10348	14962	7989
16830	0.531	15321	11933	10348	14945	8144
16869	0.528	15321	11946	10348	14966	8091
16907	0.528	15321	11890	10348	14965	8094
16946	0.535	15321	11924	10348	14982	8211
16984	0.528	15321	11946	10348	14961	8099
17023	0.535	15321	11884	10348	14962	8205
17062	0.536	15321	11886	10348	14918	8217
17100	0.531	15321	11879	10348	14985	8139
17139	0.536	15321	11942	10348	14982	8214
17177	0.538	15321	11891	10348	14956	8251
17216	0.538	15321	11917	10348	14954	8249
17255	0.538	15321	11908	10348	14975	8246
17293	0.538	15321	11883	10348	14951	8252
17332	0.541	15321	11863	10348	14993	8298
17370	0.541	15321	11894	10348	14968	8300
17409	0.542	15321	11847	10348	14971	8312
17448	0.547	15321	11858	10348	14965	8393
17486	0.546	15321	11843	10348	14951	8380
17525	0.546	15321	11829	10348	14978	8378
17563	0.545	15321	11890	10348	14977	8363
17602	0.548	15321	11869	10348	14989	8410
17641	0.549	15321	11778	10348	14936	8424
17679	0.548	15321	11843	10348	14961	8405
17718	0.546	15321	11887	10348	14949	8376
17756	0.549	15321	11875	10348	14955	8424
17795	0.556	15321	11854	10348	14943	8532
17834	0.559	15321	11733	10348	14956	8568
17872	0.555	15321	11791	10348	14959	8515
17911	0.553	15321	11812	10348	14951	8478
17949	0.56	15321	11849	10348	14957	8583
17988	0.56	15321	11750	10348	14954	8590
18027	0.56	15321	11812	10348	14965	8587
18065	0.558	15321	11792	10348	14952	8553
18104	0.557	15321	11817	10348	14955	8539
18142	0.563	15321	11771	10348	14962	8633
18181	0.563	15321	11764	10348	14965	8627
18220	0.565	15321	11820	10348	14983	8666
18258	0.562	15321	11728	10348	14939	8623
18297	0.563	15321	11753	10348	14976	8640
18335	0.561	15321	11810	10348	14967	8608
18374	0.569	15321	11679	10348	14975	8730
18413	0.562	15321	11876	10348	14983	8620
18451	0.569	15321	11772	10348	14955	8718
18490	0.573	15321	11749	10348	14951	8782
18528	0.576	15321	11660	10348	14962	8829
18567	0.571	15321	11723	10348	14969	8762
18606	0.572	15321	11736	10348	14946	8767
18644	0.569	15321	11775	10348	14963	8718
18683	0.57	15321	11742	10348	14955	8734
18721	0.572	15321	11795	10348	14938	8776
18760	0.578	15321	11738	10348	14980	8866
18799	0.579	15321	11677	10348	14938	8871
18837	0.577	15321	11705	10348	14959	8847
18876	0.576	15321	11751	10348	14972	8828
18914	0.575	15321	11713	10348	14941	8821
18953	0.584	15321	11643	10348	14940	8955
18992	0.581	15321	11722	10348	14954	8904
19030	0.582	15321	11722	10348	14945	8925
19069	0.584	15321	11688	10348	14923	8949
19107	0.577	15321	11724	10348	14951	8850
19146	0.582	15321	11705	10348	14940	8931
19185	0.58	15321	11726	10348	14934	8901
19223	0.588	15321	11662	10348	14952	9012
19262	0.587	15321	11683	10348	14956	9004
19301	0.59	15321	11674	10348	14978	9041
19339	0.592	15321	11649	10348	14940	9071
19378	0.59	15321	11678	10348	14951	9047
19416	0.59	15321	11744	10348	14959	9047
19455	0.593	15321	11649	10348	14940	9099
19494	0.592	15321	11692	10348	14940	9077
19532	0.592	15321	11623	10348	14937	9074
19571	0.592	15321	11689	10348	14956	9083
19609	0.592	15321	11693	10348	14932	9072
19648	0.598	15321	11580	10348	14917	9168
19687	0.599	15321	11603	10348	14914	9191
19725	0.597	15321	11674	10348	14940	9149
19764	0.598	15321	11530	10348	14920	9163
19802	0.605	15321	11544	10348	14942	9279
19841	0.601	15321	11573	10348	14927	9220
19880	0.6	15321	11647	10348	14937	9201
19918	0.601	15321	11602	10348	14923	9210
19957	0.604	15321	11636	10348	14931	9264
19995	0.604	15321	11590	10348	14966	9263
20034	0.604	15321	11607	10348	14925	9254
20073	0.604	15321	11548	10348	14911	9255
20111	0.604	15321	11511	10348	14921	9261
20150	0.608	15321	11596	10348	14932	9330
20188	0.608	15321	11603	10348	14947	9324
20227	0.613	15321	11567	10348	14930	9392
20266	0.611	15321	11648	10348	14936	9369
20304	0.616	15321	11533	10348	14966	9450
20343	0.61	15321	11557	10348	14941	9357
20381	0.614	15321	11542	10348	14935	9422
20420	0.616	15321	11533	10348	14922	9446
20459	0.613	15321	11584	10348	14941	9406
20497	0.615	15321	11560	10348	14950	9435
20536	0.621	15321	11534	10348	14945	9516
20574	0.616	15321	11527	10348	14923	9448
20613	0.617	15321	11595	10348	14943	9462
20652	0.618	15321	11590	10348	14927	9472
20690	0.624	15321	11531	10348	14944	9564
20729	0.623	15321	11555	10348	14919	9559
20767	0.622	15321	11578	10348	14921	9543
20806	0.623	15321	11545	10348	14945	9556
20845	0.628	15321	11564	10348	14915	9631
20883	0.624	15321	11527	10348	14910	9563
20922	0.625	15321	11539	10348	14887	9582
20960	0.631	15321	11521	10348	14942	9669
20999	0.626	15321	11492	10348	14941	9595
21038	0.629	15321	11493	10348	14934	9640
21076	0.63	15321	11522	10348	14933	9654
21115	0.632	15321	11498	10348	14894	9693
21153	0.63	15321	11519	10348	14937	9656
21192	0.63	15321	11496	10348	14921	9660
21231	0.638	15321	11392	10348	14897	9782
21269	0.635	15321	11529	10348	14924	9742
21308	0.64	15321	11444	10348	14910	9814
21346	0.64	15321	11454	10348	14913	9813
21385	0.638	15321	11415	10348	14893	9783
21424	0.64	15321	11484	10348	14913	9811
21462	0.639	15321	11445	10348	14920	9799
21501	0.641	15321	11454	10348	14904	9822
21539	0.639	15321	11495	10348	14938	9801
21578	0.639	15321	11483	10348	14900	9805
21617	0.642	15321	11522	10348	14902	9850
21655	0.644	15321	11448	10348	14919	9876
21694	0.641	15321	11486	10348	14939	9822
21732	0.648	15321	11379	10348	14930	9929
21771	0.648	15321	11450	10348	14915	9943
21810	0.648	15321	11425	10348	14926	9937
21848	0.646	15321	11461	10348	14925	9901
21887	0.649	15321	11470	10348	14923	9952
21925	0.647	15321	11399	10348	14894	9916
21964	0.647	15321	11449	10348	14915	9925
22003	0.649	15321	11420	10348	14925	9957
22041	0.649	15321	11413	10348	14892	9946
22080	0.654	15321	11402	10348	14904	10029
22118	0.652	15321	11435	10348	14917	9999
22157	0.651	15321	11402	10348	14886	9988
22196	0.658	15321	11359	10348	14912	10086
22234	0.657	15321	11402	10348	14907	10070
22273	0.66	15321	11315	10348	14907	10112
22311	0.656	15321	11422	10348	14932	10058
22350	0.658	15321	11413	10348	14937	10096
22389	0.663	15321	11348	10348	14890	10165
22427	0.662	15321	11410	10348	14906	10148
22466	0.66	15321	11369	10348	14915	10120
22504	0.659	15321	11392	10348	14901	10099
22543	0.66	15321	11411	10348	14951	10120
22582	0.668	15321	11315	10348	14888	10244
22620	0.665	15321	11373	10348	14904	10192
22659	0.669	15321	11358	10348	14904	10258
22697	0.666	15321	11385	10348	14930	10214
22736	0.669	15321	11326	10348	14917	10257
22775	0.667	15321	11319	10348	14893	10227
22813	0.67	15321	11310	10348	14894	10277
22852	0.669	15321	11352	10348	14895	10263
22890	0.672	15321	11354	10348	14875	10298
22929	0.679	15321	11280	10348	14889	10405
22968	0.675	15321	11256	10348	14879	10346
23006	0.674	15321	11297	10348	14912	10336
23045	0.673	15321	11300	10348	14905	10322
23083	0.678	15321	11306	10348	14928	10397
23122	0.674	15321	11286	10348	14911	10340
23161	0.679	15321	11263	10348	14894	10409
23199	0.679	15321	11276	10348	14927	10411
23238	0.682	15321	11271	10348	14898	10457
23277	0.673	15321	11334	10348	14915	10326
23315	0.683	15321	11302	10348	14913	10478
23354	0.683	15321	11261	10348	14919	10479
23392	0.681	15321	11278	10348	14900	10448
23431	0.687	15321	11236	10348	14907	10540
23470	0.68	15321	11292	10348	14924	10423
23508	0.693	15321	11232	10348	14902	10619
23547	0.688	15321	11247	10348	14890	10555
23585	0.689	15321	11317	10348	14900	10557
23624	0.688	15321	11249	10348	14907	10542
23663	0.69	15321	11261	10348	14917	10583
23701	0.691	15321	11294	10348	14917	10589
23740	0.689	15321	11270	10348	14878	10559
23778	0.692	15321	11230	10348	14915	10612
23817	0.695	15321	11270	10348	14900	10650
23856	0.691	15321	11249	10348	14919	10593
23894	0.694	15321	11263	10348	14906	10638
23933	0.699	15321	11254	10348	14896	10713
23971	0.697	15321	11187	10348	14887	10688
24010	0.697	15321	11283	10348	14896	10685
24049	0.699	15321	11241	10348	14892	10710
24087	0.699	15321	11249	10348	14887	10724
24126	0.695	15321	11308	10348	14892	10649
24164	0.705	15321	11217	10348	14907	10814
24203	0.701	15321	11208	10348	14878	10745
24242	0.703	15321	11268	10348	14915	10778
24280	0.699	15321	11271	10348	14912	10713
24319	0.706	15321	11181	10348	14883	10824
24357	0.706	15321	11224	10348	14887	10819
24396	0.706	15321	11236	10348	14888	10821
24435	0.711	15321	11219	10348	14880	10907
24473	0.708	15321	11168	10348	14907	10858
24512	0.708	15321	11184	10348	14905	10857
24550	0.707	15321	11183	10348	14896	10841
24589	0.705	15321	11250	10348	14926	10803
24628	0.713	15321	11215	10348	14896	10938
24666	0.709	15321	11245	10348	14893	10874
24705	0.714	15321	11147	10348	14905	10952
24743	0.716	15321	11188	10348	14913	10970
24782	0.713	15321	11136	10348	14862	10931
24821	0.719	15321	11161	10348	14872	11031
24859	0.717	15321	11175	10348	14883	10998
24898	0.709	15321	11210	10348	14883	10877
24936	0.716	15321	11215	10348	14901	10971
24975	0.716	15321	11224	10348	14907	10984
25014	0.719	15321	11210	10348	14909	11030
25052	0.717	15321	11161	10348	14892	10996
25091	0.715	15321	11165	10348	14875	10968
25129	0.725	15321	11214	10348	14903	11112
25168	0.724	15321	11151	10348	14891	11097
25207	0.728	15321	11082	10348	14895	11169
25245	0.722	15321	11143	10348	14873	11067
25284	0.727	15321	11131	10348	14898	11153
25322	0.726	15321	11136	10348	14881	11135
25361	0.721	15321	11198	10348	14890	11047
25400	0.728	15321	11158	10348	14880	11156
25438	0.727	15321	11135	10348	14899	11144
25477	0.729	15321	11171	10348	14883	11172
25515	0.73	15321	11135	10348	14892	11189
25554	0.731	15321	11123	10348	14918	11203
25593	0.73	15321	11182	10348	14896	11185
25631	0.731	15321	11150	10348	14893	11205
25670	0.736	15321	11109	10348	14879	11286
25708	0.731	15321	11190	10348	14900	11211
25747	0.735	15321	11117	10348	14880	11265
25786	0.732	15321	11128	10348	14856	11227
25824	0.738	15321	11121	10348	14871	11311
25863	0.74	15321	11152	10348	14871	11340
25901	0.741	15321	11047	10348	14874	11367
25940	0.737	15321	11145	10348	14886	11306
25979	0.74	15321	11094	10348	14868	11342
26017	0.744	15321	11068	10348	14875	11406
26056	0.742	15321	11124	10348	14891	11381
26094	0.743	15321	11118	10348	14892	11388
26133	0.743	15321	11091	10348	14863	11386
26172	0.745	15321	11063	10348	14873	11426
26210	0.749	15321	11062	10348	14881	11484
26249	0.75	15321	11073	10348	14880	11492
26287	0.743	15321	11078	10348	14885	11391
26326	0.751	15321	11059	10348	14876	11519
26365	0.746	15321	11096	10348	14886	11435
26403	0.751	15321	11081	10348	14889	11518
26442	0.753	15321	11045	10348	14880	11539
26480	0.751	15321	11074	10348	14911	11520
26519	0.747	15321	11120	10348	14886	11459
26558	0.751	15321	11128	10348	14875	11515
26596	0.753	15321	11101	10348	14889	11549
26635	0.754	15321	11101	10348	14872	11567
26673	0.758	15321	11090	10348	14876	11618
26712	0.754	15321	11093	10348	14880	11561
26751	0.759	15321	11068	10348	14874	11632
26789	0.756	15321	11084	10348	14866	11587
26828	0.76	15321	11077	10348	14870	11645
26866	0.761	15321	10999	10348	14878	11669
26905	0.761	15321	11047	10348	14874	11671
26944	0.765	15321	11068	10348	14884	11727
26982	0.762	15321	11030	10348	14895	11676
27021	0.763	15321	11100	10348	14908	11693
27060	0.762	15321	11087	10348	14883	11679
27098	0.765	15321	11073	10348	14894	11723
27137	0.769	15321	11019	10348	14885	11782
27175	0.767	15321	11066	10348	14893	11761
27214	0.77	15321	11020	10348	14882	11807
27253	0.771	15321	11054	10348	14873	11819
27291	0.771	15321	11030	10348	14855	11818
27330	0.773	15321	11000	10348	14884	11853
27368	0.769	15321	11015	10348	14875	11787
27407	0.767	15321	11046	10348	14874	11762
27446	0.771	15321	11053	10348	14873	11827
27484	0.773	15321	11008	10348	14881	11845
27523	0.771	15321	11096	10348	14850	11827
27561	0.775	15321	11009	10348	14856	11884
27600	0.773	15321	11054	10348	14833	11857
27639	0.774	15321	11046	10348	14888	11867
27677	0.778	15321	11032	10348	14865	11929
27716	0.777	15321	11003	10348	14869	11914
27754	0.779	15321	11012	10348	14857	11946
27793	0.781	15321	10993	10348	14875	11966
27832	0.781	15321	10996	10348	14870	11969
27870	0.778	15321	11070	10348	14894	11920
27909	0.782	15321	11034	10348	14865	11989
27947	0.782	15321	10998	10348	14856	11989
27986	0.779	15321	11062	10348	14892	11940
28025	0.785	15321	11037	10348	14890	12030
28063	0.788	15321	10942	10348	14860	12085
28102	0.783	15321	11035	10348	14914	11998
28140	0.783	15321	11041	10348	14881	12004
28179	0.789	15321	11023	10348	14871	12091
28218	0.788	15321	10985	10348	14888	12082
28256	0.786	15321	11075	10348	14863	12054
28295	0.792	15321	10969	10348	14857	12140
28333	0.788	15321	11028	10348	14871	12080
28372	0.788	15321	11021	10348	14869	12082
28411	0.796	15321	10992	10348	14863	12209
28449	0.793	15321	10975	10348	14867	12163
28488	0.795	15321	10957	10348	14866	12184
28526	0.791	15321	11023	10348	14869	12124
28565	0.797	15321	10987	10348	14862	12222
28604	0.797	15321	11017	10348	14872	12225
28642	0.794	15321	11007	10348	14872	12177
28681	0.798	15321	10949	10348	14852	12227
28719	0.804	15321	10946	10348	14844	12323
28758	0.799	15321	10960	10348	14853	12247
28797	0.803	15321	10973	10348	14866	12314
28835	0.799	15321	10983	10348	14871	12249
28874	0.799	15321	11010	10348	14876	12254
28912	0.801	15321	10931	10348	14859	12282
28951	0.805	15321	10973	10348	14848	12335
28990	0.803	15321	10973	10348	14849	12313
29028	0.806	15321	10962	10348	14849	12355
29067	0.807	15321	10983	10348	14850	12376
29105	0.808	15321	10933	10348	14858	12383
29144	0.809	15321	10970	10348	14885	12396
29183	0.812	15321	10974	10348	14829	12448
29221	0.809	15321	10994	10348	14886	12402
29260	0.811	15321	10928	10348	14852	12432
29298	0.81	15321	10998	10348	14900	12421
29337	0.81	15321	10970	10348	14870	12415
29376	0.808	15321	10957	10348	14860	12384
29414	0.813	15321	10958	10348	14864	12461
29453	0.816	15321	10942	10348	14868	12507
29491	0.812	15321	10959	10348	14865	12441
29530	0.818	15321	10913	10348	14859	12538
29569	0.816	15321	10946	10348	14876	12508
29607	0.818	15321	10910	10348	14876	12535
29646	0.819	15321	10936	10348	14848	12555
29684	0.818	15321	10914	10348	14866	12544
29723	0.821	15321	10951	10348	14869	12590
29762	0.822	15321	10963	10348	14875	12603
29800	0.82	15321	10911	10348	14851	12568
29839	0.827	15321	10861	10348	14841	12676
29877	0.824	15321	10930	10348	14880	12626
29916	0.826	15321	10919	10348	14869	12670
29955	0.823	15321	10941	10348	14885	12616
29993	0.828	15321	10911	10348	14839	12690
30032	0.828	15321	10908	10348	14839	12696
30070	0.836	15321	10912	10348	14867	12811
30109	0.827	15321	10948	10348	14851	12677
30148	0.827	15321	10949	10348	14872	12671
30186	0.829	15321	10915	10348	14868	12714
30225	0.832	15321	10909	10348	14889	12758
30263	0.832	15321	10910	10348	14869	12754
30302	0.838	15321	10913	10348	14847	12841
30341	0.83	15321	10954	10348	14860	12731
30379	0.833	15321	10900	10348	14830	12775
30418	0.833	15321	10913	10348	14851	12776
30456	0.841	15321	10873	10348	14866	12892
30495	0.838	15321	10882	10348	14867	12854
30534	0.842	15321	10844	10348	14854	12910
30572	0.838	15321	10945	10348	14882	12839
30611	0.839	15321	10899	10348	14864	12866
30649	0.84	15321	10879	10348	14858	12880
30688	0.838	15321	10888	10348	14862	12853
30727	0.844	15321	10903	10348	14882	12937
30765	0.841	15321	10891	10348	14842	12898
30804	0.841	15321	10925	10348	14874	12892
30842	0.843	15321	10886	10348	14852	12917
30881	0.845	15321	10868	10348	14851	12955
30920	0.847	15321	10902	10348	14872	12985
30958	0.844	15321	10918	10348	14860	12932
30997	0.847	15321	10935	10348	14850	12984
31036	0.844	15321	10885	10348	14865	12941
31074	0.852	15321	10842	10348	14872	13060
31113	0.849	15321	10894	10348	14874	13012
31151	0.848	15321	10892	10348	14867	13005
31190	0.849	15321	10885	10348	14855	13016
31229	0.855	15321	10829	10348	14852	13105
31267	0.853	15321	10834	10348	14843	13072
31306	0.855	15321	10891	10348	14860	13104
31344	0.859	15321	10872	10348	14847	13165
31383	0.856	15321	10859	10348	14826	13128
31422	0.858	15321	10847	10348	14853	13156
31460	0.851	15321	10961	10348	14874	13048
31499	0.854	15321	10870	10348	14836	13089
31537	0.861	15321	10869	10348	14853	13203
31576	0.857	15321	10860	10348	14848	13142
31615	0.859	15321	10854	10348	14832	13175
31653	0.861	15321	10862	10348	14855	13198
31692	0.862	15321	10853	10348	14856	13210
31730	0.859	15321	10910	10348	14866	13168
31769	0.863	15321	10862	10348	14865	13234
31808	0.867	15321	10894	10348	14856	13297
31846	0.86	15321	10841	10348	14852	13186
31885	0.866	15321	10853	10348	14847	13272
31923	0.868	15321	10856	10348	14846	13305
31962	0.868	15321	10861	10348	14843	13304
32001	0.867	15321	10886	10348	14888	13298
32039	0.871	15321	10858	10348	14852	13357
32078	0.873	15321	10861	10348	14853	13379
32116	0.873	15321	10849	10348	14873	13387
32155	0.874	15321	10865	10348	14869	13394
32194	0.871	15321	10867	10348	14858	13351
32232	0.874	15321	10845	10348	14888	13403
32271	0.877	15321	10806	10348	14872	13443
32309	0.877	15321	10858	10348	14839	13442
32348	0.878	15321	10845	10348	14851	13460
32387	0.876	15321	10854	10348	14868	13430
32425	0.878	15321	10860	10348	14859	13457
32464	0.881	15321	10866	10348	14855	13506
32502	0.881	15321	10854	10348	14843	13501
32541	0.882	15321	10839	10348	14860	13522
32580	0.884	15321	10776	10348	14851	13558
32618	0.881	15321	10857	10348	14843	13505
32657	0.882	15321	10808	10348	14850	13526
32695	0.885	15321	10826	10348	14857	13561
32734	0.884	15321	10827	10348	14861	13545
32773	0.884	15321	10835	10348	14848	13550
32811	0.885	15321	10830	10348	14873	13568
32850	0.885	15321	10869	10348	14862	13561
32888	0.89	15321	10818	10348	14866	13644
32927	0.887	15321	10867	10348	14867	13592
32966	0.889	15321	10792	10348	14848	13627
33004	0.891	15321	10839	10348	14872	13661
33043	0.89	15321	10814	10348	14850	13651
33081	0.889	15321	10830	10348	14850	13627
33120	0.89	15321	10824	10348	14878	13650
33159	0.894	15321	10842	10348	14859	13705
33197	0.896	15321	10838	10348	14863	13729
33236	0.892	15321	10838	10348	14873	13681
33274	0.891	15321	10847	10348	14850	13660
33313	0.898	15321	10804	10348	14840	13762
33352	0.897	15321	10832	10348	14853	13757
33390	0.895	15321	10800	10348	14848	13723
33429	0.899	15321	10797	10348	14841	13787
33467	0.895	15321	10836	10348	14862	13727
33506	0.9	15321	10802	10348	14847	13793
33545	0.899	15321	10815	10348	14866	13786
33583	0.898	15321	10827	10348	14834	13773
33622	0.899	15321	10799	10348	14843	13774
33660	0.902	15321	10811	10348	14838	13823
33699	0.903	15321	10801	10348	14854	13835
33738	0.904	15321	10813	10348	14867	13853
33776	0.905	15321	10815	10348	14841	13879
33815	0.901	15321	10821	10348	14851	13808
33853	0.905	15321	10811	10348	14853	13872
33892	0.908	15321	10804	10348	14840	13917
33931	0.908	15321	10800	10348	14863	13922
33969	0.904	15321	10831	10348	14858	13852
34008	0.907	15321	10838	10348	14852	13911
34046	0.91	15321	10809	10348	14862	13952
34085	0.908	15321	10820	10348	14851	13921
34124	0.913	15321	10791	10348	14869	13996
34162	0.914	15321	10829	10348	14856	14007
34201	0.912	15321	10801	10348	14855	13984
34239	0.912	15321	10837	10348	14840	13974
34278	0.915	15321	10820	10348	14868	14024
34317	0.918	15321	10763	10348	14839	14070
34355	0.919	15321	10790	10348	14869	14088
34394	0.915	15321	10818	10348	14859	14023
34432	0.919	15321	10765	10348	14838	14088
34471	0.92	15321	10803	10348	14843	14108
34510	0.917	15321	10780	10348	14850	14064
34548	0.919	15321	10772	10348	14835	14094
34587	0.92	15321	10807	10348	14837	14098
34625	0.919	15321	10822	10348	14848	14088
34664	0.92	15321	10811	10348	14853	14109
34703	0.923	15321	10804	10348	14843	14149
34741	0.922	15321	10802	10348	14863	14134
34780	0.924	15321	10814	10348	14855	14157
34819	0.925	15321	10809	10348	14838	14179
34857	0.924	15321	10815	10348	14862	14162
34896	0.923	15321	10830	10348	14852	14155
34934	0.927	15321	10770	10348	14855	14213
34973	0.926	15321	10831	10348	14858	14195
35012	0.926	15321	10818	10348	14843	14197
35050	0.929	15321	10830	10348	14859	14238
35089	0.933	15321	10787	10348	14831	14296
35127	0.932	15321	10789	10348	14846	14290
35166	0.935	15321	10801	10348	14839	14335
35205	0.932	15321	10789	10348	14839	14280
35243	0.933	15321	10817	10348	14875	14309
35282	0.933	15321	10816	10348	14857	14309
35320	0.937	15321	10746	10348	14840	14365
35359	0.936	15321	10808	10348	14848	14350
35398	0.937	15321	10779	10348	14848	14369
35436	0.939	15321	10795	10348	14850	14401
35475	0.936	15321	10808	10348	14848	14354
35513	0.94	15321	10772	10348	14850	14405
35552	0.938	15321	10835	10348	14852	14377
35591	0.94	15321	10780	10348	14843	14413
35629	0.937	15321	10838	10348	14846	14369
35668	0.941	15321	10768	10348	14847	14421
35706	0.941	15321	10825	10348	14843	14430
35745	0.943	15321	10818	10348	14862	14461
35784	0.949	15321	10772	10348	14866	14542
35822	0.946	15321	10794	10348	14852	14503
35861	0.946	15321	10737	10348	14847	14495
35899	0.948	15321	10789	10348	14827	14536
35938	0.947	15321	10790	10348	14843	14522
35977	0.948	15321	10785	10348	14847	14538
36015	0.946	15321	10819	10348	14856	14507
36054	0.949	15321	10802	10348	14868	14552
36092	0.95	15321	10801	10348	14846	14567
36131	0.953	15321	10790	10348	14849	14605
36170	0.953	15321	10804	10348	14857	14603
36208	0.953	15321	10788	10348	14859	14607
36247	0.953	15321	10776	10348	14857	14612
36285	0.954	15321	10780	10348	14855	14617
36324	0.954	15321	10808	10348	14845	14622
36363	0.953	15321	10808	10348	14858	14613
36401	0.958	15321	10789	10348	14853	14687
36440	0.958	15321	10787	10348	14844	14687
36478	0.957	15321	10775	10348	14859	14668
36517	0.96	15321	10775	10348	14839	14718
36556	0.96	15321	10792	10348	14857	14717
36594	0.96	15321	10794	10348	14864	14715
36633	0.963	15321	10766	10348	14845	14756
36671	0.964	15321	10778	10348	14866	14773
36710	0.96	15321	10798	10348	14855	14723
36749	0.963	15321	10782	10348	14843	14762
36787	0.964	15321	10789	10348	14844	14774
36826	0.965	15321	10778	10348	14862	14798
36864	0.965	15321	10771	10348	14852	14800
36903	0.967	15321	10787	10348	14850	14829
36942	0.969	15321	10756	10348	14832	14854
36980	0.969	15321	10782	10348	14835	14849
37019	0.971	15321	10785	10348	14846	14879
37057	0.97	15321	10798	10348	14850	14868
37096	0.971	15321	10786	10348	14861	14879
37135	0.969	15321	10781	10348	14852	14856
37173	0.972	15321	10786	10348	14846	14897
37212	0.973	15321	10781	10348	14850	14921
37250	0.973	15321	10787	10348	14849	14917
37289	0.976	15321	10769	10348	14839	14957
37328	0.973	15321	10800	10348	14859	14913
37366	0.974	15321	10779	10348	14850	14935
37405	0.977	15321	10781	10348	14840	14975
37443	0.976	15321	10795	10348	14851	14960
37482	0.977	15321	10777	10348	14847	14977
37521	0.978	15321	10805	10348	14852	14988
37559	0.979	15321	10805	10348	14847	15013
37598	0.98	15321	10788	10348	14838	15016
37636	0.981	15321	10780	10348	14843	15037
37675	0.982	15321	10791	10348	14840	15054
37714	0.983	15321	10793	10348	14859	15071
37752	0.983	15321	10781	10348	14850	15066
37791	0.984	15321	10777	10348	14849	15086
37829	0.984	15321	10773	10348	14843	15091
37868	0.986	15321	10782	10348	14841	15109
37907	0.985	15321	10799	10348	14854	15104
37945	0.986	15321	10781	10348	14841	15118
37984	0.987	15321	10761	10348	14839	15135
38022	0.987	15321	10791	10348	14842	15123
38061	0.988	15321	10781	10348	14839	15148
38100	0.989	15321	10789	10348	14847	15167
38138	0.99	15321	10793	10348	14848	15177
38177	0.991	15321	10785	10348	14841	15193
38215	0.992	15321	10770	10348	14840	15203
38254	0.993	15321	10769	10348	14840	15221
38293	0.994	15321	10777	10348	14847	15232
38331	0.995	15321	10786	10348	14848	15246
38370	0.995	15321	10783	10348	14844	15251
38408	0.996	15321	10781	10348	14846	15261
38447	0.996	15321	10787	10348	14846	15271
38486	0.997	15321	10788	10348	14847	15276
38524	0.998	15321	10786	10348	14847	15302
38563	0.999	15321	10788	10348	14847	15307
38602	1	15321	10788	10348	14847	15321
