dist	 eta-scaled	Opt	Trust	Greedy	TrustGreedy	 eta-unslaced
0	0	5407	5406	5237	5407	0
6	0.001	5407	5402	5237	5405	6
13	0.002	5407	5398	5237	5407	13
19	0.003	5407	5393	5237	5407	19
26	0.004	5407	5388	5237	5405	26
33	0.006	5407	5385	5237	5406	33
39	0.007	5407	5377	5237	5406	39
46	0.008	5407	5371	5237	5407	46
52	0.009	5407	5360	5237	5405	52
59	0.01	5407	5356	5237	5404	59
66	0.012	5407	5362	5237	5404	66
72	0.013	5407	5349	5237	5405	72
79	0.014	5407	5340	5237	5405	79
85	0.015	5407	5336	5237	5401	85
92	0.017	5407	5330	5237	5403	92
99	0.018	5407	5333	5237	5401	98
105	0.019	5407	5327	5237	5401	104
112	0.02	5407	5322	5237	5403	111
119	0.021	5407	5313	5237	5405	118
125	0.022	5407	5302	5237	5401	124
132	0.024	5407	5296	5237	5399	131
138	0.025	5407	5298	5237	5403	137
145	0.026	5407	5298	5237	5401	144
152	0.027	5407	5278	5237	5398	151
158	0.029	5407	5277	5237	5402	157
165	0.03	5407	5275	5237	5399	164
171	0.031	5407	5271	5237	5395	170
178	0.032	5407	5256	5237	5396	177
185	0.034	5407	5256	5237	5396	184
191	0.035	5407	5248	5237	5397	190
198	0.036	5407	5239	5237	5395	197
204	0.037	5407	5235	5237	5400	203
211	0.038	5407	5229	5237	5396	210
218	0.04	5407	5226	5237	5395	217
224	0.041	5407	5222	5237	5397	223
231	0.042	5407	5228	5237	5398	230
238	0.043	5407	5215	5237	5399	237
244	0.044	5407	5204	5237	5395	243
251	0.046	5407	5211	5237	5396	250
257	0.047	5407	5193	5237	5396	256
264	0.048	5407	5189	5237	5390	263
271	0.049	5407	5189	5237	5393	269
277	0.05	5407	5179	5237	5393	275
284	0.052	5407	5161	5237	5394	282
290	0.053	5407	5166	5237	5395	287
297	0.054	5407	5164	5237	5395	294
304	0.055	5407	5153	5237	5394	301
310	0.056	5407	5154	5237	5390	307
317	0.058	5407	5147	5237	5393	314
323	0.059	5407	5147	5237	5390	320
330	0.06	5407	5141	5237	5388	327
337	0.061	5407	5136	5237	5395	333
343	0.062	5407	5135	5237	5391	339
350	0.063	5407	5132	5237	5395	346
357	0.065	5407	5112	5237	5392	353
363	0.066	5407	5088	5237	5392	358
370	0.067	5407	5083	5237	5393	365
376	0.068	5407	5111	5237	5392	371
383	0.069	5407	5086	5237	5391	378
390	0.071	5407	5105	5237	5386	385
396	0.072	5407	5082	5237	5393	390
403	0.073	5407	5076	5237	5386	397
409	0.074	5407	5073	5237	5390	403
416	0.075	5407	5078	5237	5391	409
423	0.076	5407	5059	5237	5388	416
429	0.078	5407	5041	5237	5393	422
436	0.079	5407	5052	5237	5393	429
443	0.08	5407	5057	5237	5387	436
449	0.081	5407	5043	5237	5384	442
456	0.083	5407	5039	5237	5385	449
462	0.083	5407	5031	5237	5392	454
469	0.085	5407	5024	5237	5388	461
476	0.086	5407	5022	5237	5391	467
482	0.087	5407	5002	5237	5386	473
489	0.088	5407	5000	5237	5393	480
495	0.089	5407	5009	5237	5389	486
502	0.09	5407	4992	5237	5391	492
509	0.092	5407	4983	5237	5386	499
515	0.093	5407	4984	5237	5384	503
522	0.094	5407	4974	5237	5384	510
528	0.095	5407	4990	5237	5395	516
535	0.096	5407	4963	5237	5392	521
542	0.097	5407	4977	5237	5389	528
548	0.098	5407	4957	5237	5385	534
555	0.1	5407	4948	5237	5383	541
562	0.101	5407	4932	5237	5384	548
568	0.102	5407	4930	5237	5384	554
575	0.103	5407	4919	5237	5381	561
581	0.104	5407	4924	5237	5388	567
588	0.105	5407	4905	5237	5379	573
595	0.107	5407	4914	5237	5380	580
601	0.108	5407	4920	5237	5381	585
608	0.109	5407	4909	5237	5375	592
614	0.11	5407	4897	5237	5381	598
621	0.111	5407	4904	5237	5385	605
628	0.113	5407	4902	5237	5379	612
634	0.114	5407	4898	5237	5375	618
641	0.115	5407	4852	5237	5378	625
647	0.116	5407	4854	5237	5376	631
654	0.117	5407	4851	5237	5380	638
661	0.119	5407	4875	5237	5383	645
667	0.12	5407	4861	5237	5381	650
674	0.121	5407	4851	5237	5374	656
681	0.122	5407	4840	5237	5380	663
687	0.123	5407	4873	5237	5380	669
694	0.125	5407	4841	5237	5380	676
700	0.125	5407	4824	5237	5377	681
707	0.127	5407	4822	5237	5381	687
714	0.128	5407	4809	5237	5372	694
720	0.129	5407	4806	5237	5380	699
727	0.13	5407	4813	5237	5368	705
733	0.131	5407	4796	5237	5370	711
740	0.132	5407	4804	5237	5381	718
747	0.134	5407	4800	5237	5382	725
753	0.135	5407	4780	5237	5374	731
760	0.136	5407	4783	5237	5382	738
766	0.137	5407	4778	5237	5381	744
773	0.138	5407	4789	5237	5371	751
780	0.14	5407	4767	5237	5378	757
786	0.14	5407	4765	5237	5376	762
793	0.142	5407	4766	5237	5368	769
800	0.143	5407	4748	5237	5371	774
806	0.144	5407	4735	5237	5375	780
813	0.145	5407	4745	5237	5372	786
819	0.146	5407	4724	5237	5374	791
826	0.147	5407	4700	5237	5375	797
833	0.148	5407	4720	5237	5369	804
839	0.149	5407	4725	5237	5373	809
846	0.15	5407	4709	5237	5368	816
852	0.152	5407	4705	5237	5368	822
859	0.153	5407	4714	5237	5374	829
866	0.154	5407	4714	5237	5376	835
872	0.155	5407	4684	5237	5372	840
879	0.156	5407	4664	5237	5366	846
886	0.157	5407	4685	5237	5369	853
892	0.158	5407	4667	5237	5372	859
899	0.16	5407	4678	5237	5367	866
905	0.161	5407	4682	5237	5368	872
912	0.162	5407	4669	5237	5379	878
919	0.163	5407	4629	5237	5363	884
925	0.164	5407	4665	5237	5373	890
932	0.165	5407	4669	5237	5369	897
938	0.167	5407	4642	5237	5365	903
945	0.168	5407	4619	5237	5370	910
952	0.169	5407	4623	5237	5366	917
958	0.17	5407	4633	5237	5368	922
965	0.171	5407	4613	5237	5373	928
971	0.172	5407	4589	5237	5362	933
978	0.173	5407	4601	5237	5365	940
985	0.175	5407	4605	5237	5371	947
991	0.176	5407	4586	5237	5373	953
998	0.177	5407	4580	5237	5372	959
1005	0.178	5407	4585	5237	5362	966
1011	0.179	5407	4586	5237	5372	971
1018	0.18	5407	4572	5237	5365	977
1024	0.181	5407	4569	5237	5372	982
1031	0.182	5407	4544	5237	5366	986
1038	0.183	5407	4551	5237	5359	992
1044	0.184	5407	4532	5237	5363	996
1051	0.185	5407	4524	5237	5361	1002
1057	0.186	5407	4543	5237	5365	1008
1064	0.187	5407	4516	5237	5367	1015
1071	0.189	5407	4499	5237	5360	1022
1077	0.189	5407	4517	5237	5361	1027
1084	0.191	5407	4504	5237	5358	1034
1090	0.192	5407	4514	5237	5358	1039
1097	0.193	5407	4520	5237	5356	1046
1104	0.194	5407	4495	5237	5365	1051
1110	0.195	5407	4485	5237	5365	1056
1117	0.196	5407	4499	5237	5368	1062
1124	0.197	5407	4484	5237	5362	1068
1130	0.198	5407	4480	5237	5359	1074
1137	0.199	5407	4468	5237	5357	1079
1143	0.2	5407	4455	5237	5367	1084
1150	0.201	5407	4455	5237	5361	1091
1157	0.203	5407	4460	5237	5364	1098
1163	0.204	5407	4457	5237	5358	1104
1170	0.205	5407	4452	5237	5362	1110
1176	0.206	5407	4414	5237	5345	1116
1183	0.207	5407	4444	5237	5363	1122
1190	0.208	5407	4428	5237	5355	1128
1196	0.209	5407	4427	5237	5356	1134
1203	0.21	5407	4444	5237	5356	1139
1209	0.211	5407	4401	5237	5361	1144
1216	0.212	5407	4377	5237	5361	1151
1223	0.214	5407	4376	5237	5354	1158
1229	0.215	5407	4385	5237	5357	1163
1236	0.216	5407	4406	5237	5349	1169
1243	0.217	5407	4375	5237	5358	1176
1249	0.218	5407	4405	5237	5355	1182
1256	0.219	5407	4350	5237	5350	1188
1262	0.22	5407	4362	5237	5355	1191
1269	0.221	5407	4348	5237	5353	1198
1276	0.222	5407	4351	5237	5350	1204
1282	0.223	5407	4334	5237	5359	1210
1289	0.225	5407	4332	5237	5354	1217
1295	0.225	5407	4356	5237	5355	1221
1302	0.227	5407	4338	5237	5354	1228
1309	0.228	5407	4329	5237	5348	1235
1315	0.229	5407	4320	5237	5353	1241
1322	0.23	5407	4317	5237	5355	1248
1329	0.231	5407	4331	5237	5354	1254
1335	0.232	5407	4309	5237	5350	1258
1342	0.233	5407	4303	5237	5345	1264
1348	0.234	5407	4304	5237	5357	1270
1355	0.236	5407	4276	5237	5349	1277
1362	0.237	5407	4309	5237	5355	1284
1368	0.238	5407	4282	5237	5350	1289
1375	0.239	5407	4272	5237	5351	1296
1381	0.24	5407	4288	5237	5351	1300
1388	0.241	5407	4275	5237	5353	1305
1395	0.242	5407	4250	5237	5347	1311
1401	0.243	5407	4255	5237	5344	1317
1408	0.244	5407	4264	5237	5350	1324
1414	0.245	5407	4228	5237	5351	1330
1421	0.246	5407	4233	5237	5343	1335
1428	0.248	5407	4257	5237	5350	1341
1434	0.248	5407	4228	5237	5343	1346
1441	0.25	5407	4217	5237	5351	1353
1448	0.251	5407	4231	5237	5345	1360
1454	0.252	5407	4191	5237	5347	1365
1461	0.253	5407	4190	5237	5353	1371
1467	0.254	5407	4199	5237	5355	1377
1474	0.255	5407	4201	5237	5344	1383
1481	0.257	5407	4187	5237	5340	1390
1487	0.257	5407	4193	5237	5348	1395
1494	0.259	5407	4180	5237	5348	1402
1500	0.26	5407	4186	5237	5340	1408
1507	0.261	5407	4189	5237	5342	1413
1514	0.262	5407	4176	5237	5346	1418
1520	0.263	5407	4144	5237	5343	1423
1527	0.264	5407	4154	5237	5363	1430
1533	0.265	5407	4163	5237	5345	1436
1540	0.266	5407	4164	5237	5344	1442
1547	0.267	5407	4133	5237	5346	1448
1553	0.268	5407	4115	5237	5352	1453
1560	0.269	5407	4130	5237	5345	1459
1567	0.271	5407	4129	5237	5347	1466
1573	0.272	5407	4111	5237	5346	1472
1580	0.273	5407	4101	5237	5342	1478
1586	0.274	5407	4128	5237	5344	1484
1593	0.275	5407	4122	5237	5336	1491
1600	0.276	5407	4089	5237	5324	1497
1606	0.277	5407	4126	5237	5337	1502
1613	0.278	5407	4099	5237	5347	1507
1619	0.279	5407	4074	5237	5344	1512
1626	0.28	5407	4061	5237	5343	1517
1633	0.281	5407	4067	5237	5345	1521
1639	0.282	5407	4079	5237	5341	1526
1646	0.283	5407	4023	5237	5336	1533
1653	0.284	5407	4062	5237	5340	1538
1659	0.285	5407	4046	5237	5349	1543
1666	0.286	5407	4037	5237	5326	1548
1672	0.287	5407	4025	5237	5345	1554
1679	0.288	5407	4023	5237	5341	1561
1686	0.289	5407	4014	5237	5334	1567
1692	0.29	5407	4018	5237	5344	1573
1699	0.292	5407	4016	5237	5334	1580
1705	0.293	5407	4024	5237	5338	1586
1712	0.294	5407	4004	5237	5334	1592
1719	0.295	5407	4013	5237	5339	1599
1725	0.296	5407	4024	5237	5337	1605
1732	0.298	5407	3995	5237	5339	1612
1738	0.299	5407	4004	5237	5342	1617
1745	0.3	5407	3979	5237	5325	1623
1752	0.301	5407	3983	5237	5335	1630
1758	0.302	5407	3959	5237	5334	1635
1765	0.303	5407	3936	5237	5334	1641
1772	0.304	5407	3966	5237	5338	1647
1778	0.305	5407	3952	5237	5323	1651
1785	0.306	5407	3956	5237	5333	1657
1791	0.307	5407	3949	5237	5335	1662
1798	0.308	5407	3925	5237	5333	1669
1805	0.309	5407	3941	5237	5327	1676
1811	0.311	5407	3936	5237	5330	1682
1818	0.311	5407	3918	5237	5341	1685
1824	0.312	5407	3909	5237	5322	1689
1831	0.313	5407	3908	5237	5334	1696
1838	0.314	5407	3909	5237	5329	1702
1844	0.315	5407	3893	5237	5328	1707
1851	0.316	5407	3898	5237	5333	1713
1857	0.317	5407	3876	5237	5345	1719
1864	0.319	5407	3901	5237	5342	1725
1871	0.32	5407	3862	5237	5338	1732
1877	0.321	5407	3880	5237	5324	1738
1884	0.322	5407	3858	5237	5329	1745
1891	0.323	5407	3835	5237	5321	1751
1897	0.324	5407	3865	5237	5334	1757
1904	0.326	5407	3836	5237	5333	1763
1910	0.327	5407	3844	5237	5334	1769
1917	0.328	5407	3821	5237	5333	1775
1924	0.329	5407	3822	5237	5329	1779
1930	0.329	5407	3814	5237	5335	1784
1937	0.33	5407	3821	5237	5327	1789
1943	0.331	5407	3799	5237	5334	1793
1950	0.332	5407	3797	5237	5323	1800
1957	0.334	5407	3783	5237	5329	1806
1963	0.334	5407	3796	5237	5333	1811
1970	0.336	5407	3793	5237	5323	1817
1976	0.336	5407	3794	5237	5326	1822
1983	0.338	5407	3765	5237	5336	1829
1990	0.339	5407	3758	5237	5326	1836
1996	0.34	5407	3792	5237	5327	1842
2003	0.341	5407	3766	5237	5326	1848
2010	0.342	5407	3774	5237	5326	1854
2016	0.343	5407	3762	5237	5322	1858
2023	0.344	5407	3740	5237	5331	1865
2029	0.345	5407	3722	5237	5323	1869
2036	0.346	5407	3728	5237	5325	1876
2043	0.348	5407	3753	5237	5326	1882
2049	0.349	5407	3759	5237	5326	1888
2056	0.35	5407	3726	5237	5319	1895
2062	0.351	5407	3725	5237	5317	1901
2069	0.352	5407	3727	5237	5319	1906
2076	0.353	5407	3688	5237	5320	1911
2082	0.353	5407	3710	5237	5318	1914
2089	0.355	5407	3690	5237	5316	1921
2096	0.356	5407	3678	5237	5333	1927
2102	0.357	5407	3705	5237	5319	1932
2109	0.358	5407	3671	5237	5327	1938
2115	0.359	5407	3658	5237	5321	1943
2122	0.36	5407	3671	5237	5320	1950
2129	0.361	5407	3669	5237	5330	1957
2135	0.363	5407	3681	5237	5325	1963
2142	0.364	5407	3627	5237	5312	1970
2148	0.365	5407	3661	5237	5321	1975
2155	0.366	5407	3631	5237	5322	1980
2162	0.367	5407	3644	5237	5318	1986
2168	0.368	5407	3641	5237	5313	1992
2175	0.369	5407	3637	5237	5332	1998
2181	0.37	5407	3604	5237	5318	2003
2188	0.371	5407	3620	5237	5321	2007
2195	0.372	5407	3603	5237	5322	2012
2201	0.373	5407	3627	5237	5327	2018
2208	0.374	5407	3618	5237	5323	2023
2215	0.375	5407	3594	5237	5321	2030
2221	0.376	5407	3583	5237	5311	2035
2228	0.377	5407	3570	5237	5311	2041
2234	0.378	5407	3579	5237	5312	2046
2241	0.379	5407	3578	5237	5317	2050
2248	0.38	5407	3578	5237	5314	2055
2254	0.381	5407	3586	5237	5318	2061
2261	0.382	5407	3568	5237	5314	2067
2267	0.383	5407	3560	5237	5319	2072
2274	0.384	5407	3564	5237	5313	2079
2281	0.385	5407	3525	5237	5305	2084
2287	0.386	5407	3538	5237	5304	2090
2294	0.387	5407	3533	5237	5311	2096
2300	0.388	5407	3508	5237	5309	2101
2307	0.389	5407	3519	5237	5312	2107
2314	0.39	5407	3478	5237	5307	2114
2320	0.392	5407	3507	5237	5305	2120
2327	0.393	5407	3505	5237	5306	2125
2334	0.394	5407	3489	5237	5312	2131
2340	0.395	5407	3466	5237	5312	2137
2347	0.396	5407	3465	5237	5303	2143
2353	0.397	5407	3489	5237	5313	2149
2360	0.398	5407	3502	5237	5312	2155
2367	0.399	5407	3458	5237	5295	2162
2373	0.4	5407	3455	5237	5294	2167
2380	0.401	5407	3470	5237	5312	2173
2386	0.402	5407	3428	5237	5312	2178
2393	0.404	5407	3464	5237	5305	2185
2400	0.404	5407	3429	5237	5307	2189
2406	0.405	5407	3428	5237	5306	2193
2413	0.406	5407	3423	5237	5309	2199
2419	0.407	5407	3440	5237	5309	2203
2426	0.408	5407	3403	5237	5312	2210
2433	0.409	5407	3412	5237	5306	2215
2439	0.41	5407	3428	5237	5299	2220
2446	0.411	5407	3425	5237	5309	2226
2453	0.412	5407	3389	5237	5312	2230
2459	0.413	5407	3399	5237	5308	2236
2466	0.414	5407	3375	5237	5303	2242
2472	0.415	5407	3377	5237	5297	2247
2479	0.416	5407	3367	5237	5307	2254
2486	0.417	5407	3358	5237	5293	2260
2492	0.418	5407	3378	5237	5299	2265
2499	0.419	5407	3352	5237	5294	2270
2505	0.42	5407	3371	5237	5298	2274
2512	0.421	5407	3343	5237	5299	2281
2519	0.422	5407	3354	5237	5301	2285
2525	0.423	5407	3322	5237	5292	2289
2532	0.424	5407	3341	5237	5302	2295
2539	0.425	5407	3312	5237	5284	2300
2545	0.426	5407	3288	5237	5296	2305
2552	0.427	5407	3310	5237	5297	2310
2558	0.427	5407	3320	5237	5308	2314
2565	0.429	5407	3308	5237	5296	2320
2572	0.429	5407	3300	5237	5306	2325
2578	0.43	5407	3304	5237	5291	2328
2585	0.431	5407	3312	5237	5298	2332
2591	0.432	5407	3288	5237	5296	2338
2598	0.433	5407	3308	5237	5298	2344
2605	0.434	5407	3285	5237	5289	2351
2611	0.435	5407	3283	5237	5292	2356
2618	0.436	5407	3280	5237	5289	2361
2624	0.437	5407	3230	5237	5294	2367
2631	0.438	5407	3228	5237	5282	2372
2638	0.439	5407	3259	5237	5289	2378
2644	0.44	5407	3244	5237	5285	2384
2651	0.442	5407	3241	5237	5289	2390
2658	0.443	5407	3244	5237	5290	2396
2664	0.443	5407	3234	5237	5301	2400
2671	0.444	5407	3231	5237	5288	2406
2677	0.445	5407	3197	5237	5285	2410
2684	0.447	5407	3225	5237	5288	2417
2691	0.448	5407	3225	5237	5295	2423
2697	0.448	5407	3194	5237	5298	2427
2704	0.449	5407	3180	5237	5295	2432
2710	0.45	5407	3187	5237	5286	2438
2717	0.452	5407	3201	5237	5301	2444
2724	0.453	5407	3153	5237	5298	2450
2730	0.453	5407	3215	5237	5281	2454
2737	0.455	5407	3157	5237	5298	2461
2743	0.456	5407	3149	5237	5294	2466
2750	0.457	5407	3203	5237	5287	2472
2757	0.457	5407	3143	5237	5271	2476
2763	0.458	5407	3131	5237	5284	2480
2770	0.459	5407	3143	5237	5277	2486
2777	0.46	5407	3132	5237	5292	2489
2783	0.461	5407	3146	5237	5293	2495
2790	0.462	5407	3107	5237	5287	2500
2796	0.463	5407	3115	5237	5281	2506
2803	0.464	5407	3125	5237	5299	2511
2810	0.465	5407	3122	5237	5289	2517
2816	0.466	5407	3112	5237	5287	2523
2823	0.467	5407	3091	5237	5272	2529
2829	0.468	5407	3110	5237	5288	2533
2836	0.469	5407	3085	5237	5283	2540
2843	0.47	5407	3076	5237	5280	2545
2849	0.471	5407	3085	5237	5273	2551
2856	0.472	5407	3088	5237	5284	2556
2862	0.473	5407	3061	5237	5297	2560
2869	0.474	5407	3040	5237	5277	2566
2876	0.475	5407	3066	5237	5287	2570
2882	0.475	5407	3058	5237	5297	2573
2889	0.476	5407	3043	5237	5276	2579
2896	0.477	5407	3031	5237	5297	2582
2902	0.478	5407	3061	5237	5280	2585
2909	0.479	5407	2996	5237	5278	2591
2915	0.48	5407	3020	5237	5279	2596
2922	0.481	5407	3012	5237	5286	2602
2929	0.482	5407	2994	5237	5286	2609
2935	0.483	5407	3017	5237	5280	2612
2942	0.484	5407	2989	5237	5287	2618
2948	0.485	5407	2993	5237	5265	2623
2955	0.486	5407	3000	5237	5281	2629
2962	0.487	5407	2977	5237	5287	2634
2968	0.488	5407	2995	5237	5284	2639
2975	0.488	5407	2975	5237	5284	2644
2982	0.49	5407	2956	5237	5292	2651
2988	0.491	5407	2993	5237	5283	2655
2995	0.492	5407	2966	5237	5286	2662
3001	0.493	5407	2946	5237	5283	2666
3008	0.494	5407	2954	5237	5286	2672
3015	0.495	5407	2963	5237	5284	2679
3021	0.496	5407	2919	5237	5282	2684
3028	0.497	5407	2922	5237	5279	2691
3034	0.498	5407	2958	5237	5279	2697
3041	0.5	5407	2926	5237	5275	2704
3048	0.501	5407	2921	5237	5274	2710
3054	0.501	5407	2912	5237	5279	2711
3061	0.502	5407	2935	5237	5278	2718
3067	0.503	5407	2888	5237	5276	2723
3074	0.503	5407	2901	5237	5269	2725
3081	0.504	5407	2873	5237	5272	2730
3087	0.505	5407	2893	5237	5278	2735
3094	0.506	5407	2883	5237	5273	2738
3101	0.507	5407	2880	5237	5284	2742
3107	0.507	5407	2903	5237	5276	2746
3114	0.509	5407	2849	5237	5273	2753
3120	0.51	5407	2820	5237	5268	2759
3127	0.511	5407	2820	5237	5283	2766
3134	0.512	5407	2845	5237	5279	2773
3140	0.513	5407	2867	5237	5278	2778
3147	0.514	5407	2843	5237	5282	2783
3153	0.515	5407	2846	5237	5269	2789
3160	0.516	5407	2862	5237	5280	2795
3167	0.517	5407	2815	5237	5285	2800
3173	0.518	5407	2796	5237	5278	2806
3180	0.519	5407	2825	5237	5272	2811
3186	0.52	5407	2800	5237	5270	2817
3193	0.521	5407	2810	5237	5288	2822
3200	0.523	5407	2789	5237	5280	2829
3206	0.523	5407	2803	5237	5275	2832
3213	0.524	5407	2776	5237	5271	2837
3220	0.525	5407	2772	5237	5263	2842
3226	0.526	5407	2798	5237	5278	2848
3233	0.527	5407	2771	5237	5288	2853
3239	0.528	5407	2798	5237	5273	2858
3246	0.529	5407	2783	5237	5273	2864
3253	0.53	5407	2775	5237	5284	2870
3259	0.531	5407	2761	5237	5272	2874
3266	0.532	5407	2742	5237	5279	2880
3272	0.533	5407	2710	5237	5274	2886
3279	0.534	5407	2735	5237	5260	2892
3286	0.535	5407	2712	5237	5277	2897
3292	0.536	5407	2734	5237	5276	2902
3299	0.537	5407	2731	5237	5281	2907
3306	0.538	5407	2712	5237	5268	2913
3312	0.539	5407	2703	5237	5266	2919
3319	0.541	5407	2686	5237	5267	2926
3325	0.541	5407	2676	5237	5266	2930
3332	0.543	5407	2700	5237	5264	2937
3339	0.543	5407	2688	5237	5269	2941
3345	0.544	5407	2653	5237	5265	2944
3352	0.545	5407	2662	5237	5257	2950
3358	0.546	5407	2670	5237	5282	2954
3365	0.547	5407	2695	5237	5267	2958
3372	0.548	5407	2633	5237	5278	2964
3378	0.549	5407	2621	5237	5256	2969
3385	0.55	5407	2647	5237	5269	2975
3391	0.551	5407	2652	5237	5257	2980
3398	0.552	5407	2643	5237	5257	2986
3405	0.553	5407	2664	5237	5269	2992
3411	0.554	5407	2637	5237	5263	2997
3418	0.555	5407	2590	5237	5263	3004
3425	0.556	5407	2615	5237	5264	3010
3431	0.557	5407	2618	5237	5262	3016
3438	0.558	5407	2614	5237	5266	3021
3444	0.559	5407	2617	5237	5274	3026
3451	0.56	5407	2597	5237	5262	3031
3458	0.561	5407	2584	5237	5268	3037
3464	0.562	5407	2573	5237	5270	3040
3471	0.563	5407	2572	5237	5261	3045
3477	0.563	5407	2582	5237	5272	3049
3484	0.565	5407	2558	5237	5251	3056
3491	0.566	5407	2558	5237	5276	3062
3497	0.567	5407	2538	5237	5255	3068
3504	0.568	5407	2556	5237	5273	3073
3510	0.569	5407	2519	5237	5255	3077
3517	0.57	5407	2526	5237	5253	3084
3524	0.57	5407	2527	5237	5261	3087
3530	0.571	5407	2515	5237	5269	3092
3537	0.572	5407	2523	5237	5266	3095
3544	0.573	5407	2510	5237	5266	3101
3550	0.574	5407	2479	5237	5262	3106
3557	0.575	5407	2500	5237	5253	3113
3563	0.576	5407	2508	5237	5262	3119
3570	0.577	5407	2484	5237	5260	3122
3577	0.577	5407	2504	5237	5256	3125
3583	0.579	5407	2482	5237	5245	3131
3590	0.579	5407	2455	5237	5264	3136
3596	0.58	5407	2472	5237	5258	3141
3603	0.582	5407	2497	5237	5259	3148
3610	0.583	5407	2467	5237	5259	3155
3616	0.584	5407	2473	5237	5271	3159
3623	0.585	5407	2451	5237	5274	3164
3629	0.586	5407	2414	5237	5258	3169
3636	0.587	5407	2457	5237	5251	3176
3643	0.588	5407	2410	5237	5268	3180
3649	0.588	5407	2392	5237	5260	3182
3656	0.589	5407	2438	5237	5252	3187
3663	0.59	5407	2404	5237	5239	3191
3669	0.591	5407	2414	5237	5247	3196
3676	0.592	5407	2392	5237	5255	3202
3682	0.592	5407	2386	5237	5254	3206
3689	0.594	5407	2392	5237	5254	3213
3696	0.595	5407	2366	5237	5256	3218
3702	0.595	5407	2345	5237	5261	3222
3709	0.596	5407	2374	5237	5261	3226
3715	0.597	5407	2345	5237	5262	3232
3722	0.598	5407	2364	5237	5252	3237
3729	0.599	5407	2370	5237	5261	3244
3735	0.601	5407	2345	5237	5244	3250
3742	0.602	5407	2363	5237	5258	3256
3749	0.603	5407	2344	5237	5246	3262
3755	0.604	5407	2334	5237	5252	3266
3762	0.605	5407	2330	5237	5262	3272
3768	0.605	5407	2350	5237	5248	3276
3775	0.606	5407	2329	5237	5245	3280
3782	0.607	5407	2330	5237	5245	3286
3788	0.608	5407	2279	5237	5260	3290
3795	0.609	5407	2315	5237	5254	3296
3801	0.61	5407	2291	5237	5243	3302
3808	0.611	5407	2302	5237	5249	3307
3815	0.611	5407	2286	5237	5244	3308
3821	0.612	5407	2255	5237	5246	3314
3828	0.613	5407	2285	5237	5245	3318
3834	0.614	5407	2296	5237	5247	3324
3841	0.616	5407	2271	5237	5243	3331
3848	0.617	5407	2257	5237	5235	3337
3854	0.618	5407	2269	5237	5266	3342
3861	0.618	5407	2281	5237	5246	3346
3868	0.619	5407	2250	5237	5237	3352
3874	0.62	5407	2267	5237	5238	3356
3881	0.621	5407	2226	5237	5244	3360
3887	0.622	5407	2237	5237	5243	3365
3894	0.623	5407	2236	5237	5244	3370
3901	0.624	5407	2243	5237	5248	3375
3907	0.625	5407	2238	5237	5245	3380
3914	0.626	5407	2205	5237	5241	3386
3920	0.626	5407	2190	5237	5245	3390
3927	0.628	5407	2171	5237	5242	3397
3934	0.628	5407	2198	5237	5243	3401
3940	0.629	5407	2139	5237	5242	3403
3947	0.629	5407	2192	5237	5241	3406
3953	0.63	5407	2166	5237	5232	3411
3960	0.631	5407	2147	5237	5228	3417
3967	0.632	5407	2179	5237	5237	3420
3973	0.633	5407	2148	5237	5240	3423
3980	0.634	5407	2137	5237	5248	3430
3987	0.635	5407	2118	5237	5242	3434
3993	0.636	5407	2136	5237	5238	3439
4000	0.637	5407	2175	5237	5245	3445
4006	0.638	5407	2126	5237	5244	3450
4013	0.639	5407	2147	5237	5247	3457
4020	0.64	5407	2126	5237	5237	3464
4026	0.641	5407	2125	5237	5240	3469
4033	0.642	5407	2113	5237	5235	3476
4039	0.643	5407	2110	5237	5234	3479
4046	0.644	5407	2124	5237	5257	3484
4053	0.645	5407	2137	5237	5236	3489
4059	0.646	5407	2106	5237	5245	3494
4066	0.647	5407	2093	5237	5258	3501
4072	0.648	5407	2080	5237	5229	3505
4079	0.649	5407	2097	5237	5237	3510
4086	0.649	5407	2052	5237	5235	3514
4092	0.651	5407	2071	5237	5233	3520
4099	0.651	5407	2052	5237	5230	3524
4106	0.652	5407	2035	5237	5237	3529
4112	0.653	5407	2048	5237	5229	3534
4119	0.654	5407	2029	5237	5247	3540
4125	0.655	5407	2032	5237	5234	3543
4132	0.656	5407	2038	5237	5239	3550
4139	0.657	5407	2041	5237	5235	3555
4145	0.658	5407	2023	5237	5225	3560
4152	0.659	5407	2031	5237	5226	3567
4158	0.66	5407	2006	5237	5245	3573
4165	0.661	5407	2022	5237	5246	3579
4172	0.662	5407	1990	5237	5233	3584
4178	0.663	5407	1990	5237	5241	3588
4185	0.664	5407	1978	5237	5232	3594
4192	0.665	5407	1979	5237	5236	3600
4198	0.666	5407	1971	5237	5235	3603
4205	0.667	5407	1979	5237	5239	3608
4211	0.668	5407	1960	5237	5247	3613
4218	0.669	5407	1974	5237	5233	3619
4225	0.67	5407	1952	5237	5236	3624
4231	0.671	5407	1983	5237	5227	3630
4238	0.672	5407	1952	5237	5238	3634
4244	0.673	5407	1934	5237	5232	3639
4251	0.673	5407	1919	5237	5232	3644
4258	0.675	5407	1918	5237	5217	3650
4264	0.676	5407	1930	5237	5239	3656
4271	0.677	5407	1916	5237	5232	3663
4277	0.678	5407	1919	5237	5237	3668
4284	0.679	5407	1925	5237	5226	3674
4291	0.68	5407	1893	5237	5228	3681
4297	0.681	5407	1913	5237	5242	3686
4304	0.682	5407	1893	5237	5243	3691
4311	0.683	5407	1901	5237	5234	3696
4317	0.684	5407	1846	5237	5229	3702
4324	0.685	5407	1867	5237	5231	3709
4330	0.686	5407	1864	5237	5234	3714
4337	0.688	5407	1862	5237	5234	3721
4344	0.689	5407	1870	5237	5236	3726
4350	0.689	5407	1838	5237	5241	3730
4357	0.69	5407	1845	5237	5238	3735
4363	0.691	5407	1851	5237	5226	3740
4370	0.692	5407	1835	5237	5232	3746
4377	0.693	5407	1826	5237	5231	3751
4383	0.694	5407	1822	5237	5235	3755
4390	0.695	5407	1841	5237	5238	3762
4396	0.696	5407	1818	5237	5227	3768
4403	0.698	5407	1823	5237	5232	3775
4410	0.699	5407	1800	5237	5251	3780
4416	0.699	5407	1805	5237	5222	3784
4423	0.7	5407	1817	5237	5225	3789
4430	0.701	5407	1805	5237	5228	3795
4436	0.702	5407	1788	5237	5234	3800
4443	0.703	5407	1790	5237	5222	3805
4449	0.704	5407	1777	5237	5209	3811
4456	0.705	5407	1791	5237	5223	3817
4463	0.706	5407	1778	5237	5234	3822
4469	0.707	5407	1749	5237	5236	3826
4476	0.708	5407	1766	5237	5236	3833
4482	0.709	5407	1735	5237	5230	3838
4489	0.711	5407	1753	5237	5229	3845
4496	0.712	5407	1783	5237	5226	3852
4502	0.713	5407	1756	5237	5230	3857
4509	0.714	5407	1746	5237	5228	3862
4515	0.715	5407	1722	5237	5228	3868
4522	0.716	5407	1732	5237	5224	3874
4529	0.717	5407	1720	5237	5230	3879
4535	0.718	5407	1733	5237	5229	3883
4542	0.719	5407	1689	5237	5224	3888
4549	0.72	5407	1719	5237	5221	3895
4555	0.721	5407	1677	5237	5215	3901
4562	0.722	5407	1670	5237	5223	3905
4568	0.723	5407	1670	5237	5232	3910
4575	0.724	5407	1675	5237	5213	3915
4582	0.725	5407	1639	5237	5219	3921
4588	0.726	5407	1708	5237	5226	3927
4595	0.726	5407	1671	5237	5225	3930
4601	0.727	5407	1658	5237	5231	3936
4608	0.729	5407	1655	5237	5237	3942
4615	0.729	5407	1644	5237	5214	3947
4621	0.731	5407	1650	5237	5220	3953
4628	0.732	5407	1614	5237	5224	3959
4635	0.733	5407	1630	5237	5214	3965
4641	0.734	5407	1633	5237	5217	3969
4648	0.735	5407	1623	5237	5222	3975
4654	0.736	5407	1619	5237	5223	3980
4661	0.737	5407	1614	5237	5213	3986
4668	0.738	5407	1592	5237	5226	3992
4674	0.739	5407	1592	5237	5224	3997
4681	0.74	5407	1587	5237	5223	4004
4687	0.741	5407	1585	5237	5223	4009
4694	0.742	5407	1569	5237	5232	4014
4701	0.743	5407	1571	5237	5213	4021
4707	0.744	5407	1564	5237	5213	4025
4714	0.745	5407	1572	5237	5201	4031
4720	0.746	5407	1543	5237	5220	4037
4727	0.747	5407	1552	5237	5220	4044
4734	0.749	5407	1532	5237	5215	4050
4740	0.749	5407	1530	5237	5220	4055
4747	0.751	5407	1536	5237	5207	4061
4754	0.751	5407	1499	5237	5217	4066
4760	0.753	5407	1529	5237	5208	4072
4767	0.754	5407	1498	5237	5215	4077
4773	0.755	5407	1511	5237	5210	4083
4780	0.756	5407	1495	5237	5217	4089
4787	0.756	5407	1501	5237	5220	4093
4793	0.758	5407	1497	5237	5214	4099
4800	0.759	5407	1500	5237	5220	4104
4806	0.759	5407	1459	5237	5213	4108
4813	0.76	5407	1488	5237	5209	4114
4820	0.761	5407	1452	5237	5198	4119
4826	0.762	5407	1467	5237	5194	4124
4833	0.764	5407	1445	5237	5214	4131
4839	0.765	5407	1444	5237	5212	4137
4846	0.766	5407	1443	5237	5211	4142
4853	0.766	5407	1445	5237	5211	4146
4859	0.767	5407	1414	5237	5204	4152
4866	0.769	5407	1413	5237	5207	4158
4873	0.77	5407	1426	5237	5204	4165
4879	0.771	5407	1439	5237	5208	4170
4886	0.772	5407	1423	5237	5208	4177
4892	0.773	5407	1409	5237	5200	4183
4899	0.774	5407	1363	5237	5209	4188
4906	0.775	5407	1410	5237	5210	4193
4912	0.776	5407	1398	5237	5205	4198
4919	0.777	5407	1381	5237	5201	4204
4925	0.778	5407	1383	5237	5210	4207
4932	0.779	5407	1387	5237	5205	4213
4939	0.78	5407	1372	5237	5209	4218
4945	0.78	5407	1361	5237	5194	4222
4952	0.781	5407	1361	5237	5184	4227
4959	0.782	5407	1340	5237	5211	4233
4965	0.783	5407	1350	5237	5207	4237
4972	0.784	5407	1366	5237	5197	4243
4978	0.785	5407	1342	5237	5198	4247
4985	0.786	5407	1301	5237	5203	4252
4992	0.787	5407	1330	5237	5196	4257
4998	0.788	5407	1326	5237	5181	4261
5005	0.789	5407	1313	5237	5199	4267
5011	0.79	5407	1322	5237	5193	4273
5018	0.791	5407	1311	5237	5187	4280
5025	0.792	5407	1295	5237	5199	4284
5031	0.792	5407	1266	5237	5186	4287
5038	0.793	5407	1295	5237	5190	4293
5044	0.795	5407	1259	5237	5191	4299
5051	0.796	5407	1294	5237	5198	4305
5058	0.796	5407	1301	5237	5206	4309
5064	0.797	5407	1280	5237	5194	4312
5071	0.798	5407	1264	5237	5195	4317
5078	0.799	5407	1244	5237	5193	4321
5084	0.8	5407	1262	5237	5203	4326
5091	0.8	5407	1253	5237	5193	4331
5097	0.801	5407	1230	5237	5195	4336
5104	0.802	5407	1227	5237	5194	4341
5111	0.803	5407	1225	5237	5200	4345
5117	0.804	5407	1231	5237	5188	4350
5124	0.805	5407	1222	5237	5188	4355
5130	0.806	5407	1219	5237	5206	4359
5137	0.807	5407	1201	5237	5189	4364
5144	0.808	5407	1195	5237	5189	4369
5150	0.808	5407	1173	5237	5200	4373
5157	0.809	5407	1223	5237	5196	4376
5163	0.81	5407	1175	5237	5191	4381
5170	0.811	5407	1175	5237	5195	4386
5177	0.812	5407	1173	5237	5191	4392
5183	0.812	5407	1166	5237	5194	4395
5190	0.813	5407	1172	5237	5191	4400
5197	0.814	5407	1159	5237	5206	4405
5203	0.815	5407	1149	5237	5192	4407
5210	0.816	5407	1148	5237	5190	4413
5216	0.817	5407	1153	5237	5195	4418
5223	0.818	5407	1132	5237	5191	4424
5230	0.819	5407	1146	5237	5193	4431
5236	0.82	5407	1134	5237	5186	4435
5243	0.821	5407	1135	5237	5194	4442
5249	0.822	5407	1109	5237	5185	4446
5256	0.823	5407	1087	5237	5193	4452
5263	0.824	5407	1101	5237	5194	4458
5269	0.825	5407	1093	5237	5182	4464
5276	0.826	5407	1105	5237	5181	4470
5282	0.827	5407	1081	5237	5186	4475
5289	0.828	5407	1089	5237	5188	4482
5296	0.83	5407	1090	5237	5192	4488
5302	0.83	5407	1057	5237	5199	4492
5309	0.831	5407	1067	5237	5193	4497
5316	0.832	5407	1076	5237	5186	4500
5322	0.832	5407	1071	5237	5193	4504
5329	0.833	5407	1039	5237	5198	4509
5335	0.834	5407	1054	5237	5191	4512
5342	0.835	5407	1046	5237	5176	4518
5349	0.836	5407	1066	5237	5197	4522
5355	0.837	5407	1029	5237	5184	4528
5362	0.838	5407	1018	5237	5191	4535
5368	0.839	5407	1033	5237	5189	4541
5375	0.84	5407	1002	5237	5182	4545
5382	0.841	5407	997	5237	5196	4552
5388	0.842	5407	998	5237	5182	4557
5395	0.844	5407	990	5237	5177	4564
5402	0.845	5407	1006	5237	5185	4569
5408	0.845	5407	1003	5237	5185	4573
5415	0.846	5407	983	5237	5190	4579
5421	0.847	5407	988	5237	5191	4583
5428	0.848	5407	986	5237	5191	4588
5435	0.849	5407	954	5237	5182	4593
5441	0.85	5407	953	5237	5191	4597
5448	0.851	5407	952	5237	5190	4603
5454	0.852	5407	958	5237	5182	4609
5461	0.853	5407	953	5237	5188	4614
5468	0.854	5407	936	5237	5180	4619
5474	0.855	5407	927	5237	5183	4624
5481	0.856	5407	934	5237	5185	4629
5487	0.857	5407	929	5237	5188	4635
5494	0.858	5407	933	5237	5191	4640
5501	0.859	5407	893	5237	5184	4646
5507	0.86	5407	899	5237	5191	4652
5514	0.861	5407	894	5237	5183	4657
5521	0.862	5407	884	5237	5178	4662
5527	0.863	5407	884	5237	5174	4668
5534	0.864	5407	910	5237	5180	4674
5540	0.865	5407	878	5237	5181	4680
5547	0.866	5407	870	5237	5181	4685
5554	0.867	5407	864	5237	5182	4689
5560	0.867	5407	863	5237	5188	4693
5567	0.869	5407	860	5237	5178	4700
5573	0.869	5407	876	5237	5176	4704
5580	0.871	5407	845	5237	5173	4711
5587	0.872	5407	851	5237	5175	4716
5593	0.872	5407	838	5237	5178	4720
5600	0.873	5407	833	5237	5185	4724
5606	0.874	5407	816	5237	5180	4729
5613	0.874	5407	817	5237	5193	4731
5620	0.875	5407	820	5237	5185	4735
5626	0.876	5407	797	5237	5181	4740
5633	0.877	5407	825	5237	5177	4744
5640	0.878	5407	796	5237	5175	4750
5646	0.879	5407	781	5237	5175	4755
5653	0.88	5407	784	5237	5183	4762
5659	0.881	5407	775	5237	5187	4767
5666	0.882	5407	783	5237	5173	4772
5673	0.883	5407	778	5237	5179	4777
5679	0.884	5407	757	5237	5178	4781
5686	0.885	5407	767	5237	5179	4786
5692	0.886	5407	761	5237	5183	4791
5699	0.887	5407	747	5237	5176	4797
5706	0.887	5407	723	5237	5185	4801
5712	0.888	5407	736	5237	5179	4805
5719	0.889	5407	734	5237	5182	4811
5725	0.89	5407	740	5237	5180	4817
5732	0.891	5407	725	5237	5190	4822
5739	0.892	5407	722	5237	5178	4828
5745	0.893	5407	722	5237	5182	4831
5752	0.894	5407	701	5237	5180	4836
5759	0.895	5407	710	5237	5182	4843
5765	0.896	5407	685	5237	5187	4845
5772	0.896	5407	703	5237	5179	4850
5778	0.898	5407	688	5237	5177	4856
5785	0.899	5407	671	5237	5171	4863
5792	0.9	5407	661	5237	5182	4869
5798	0.901	5407	673	5237	5189	4875
5805	0.902	5407	645	5237	5180	4879
5811	0.903	5407	640	5237	5178	4884
5818	0.904	5407	646	5237	5175	4891
5825	0.905	5407	655	5237	5181	4897
5831	0.906	5407	646	5237	5172	4900
5838	0.907	5407	635	5237	5175	4906
5845	0.908	5407	614	5237	5163	4911
5851	0.908	5407	625	5237	5169	4912
5858	0.909	5407	612	5237	5170	4917
5864	0.909	5407	610	5237	5178	4920
5871	0.911	5407	616	5237	5176	4926
5878	0.911	5407	596	5237	5177	4929
5884	0.912	5407	584	5237	5167	4932
5891	0.912	5407	597	5237	5173	4936
5897	0.913	5407	602	5237	5172	4940
5904	0.914	5407	591	5237	5180	4944
5911	0.915	5407	571	5237	5177	4949
5917	0.916	5407	566	5237	5178	4953
5924	0.916	5407	565	5237	5172	4957
5930	0.917	5407	559	5237	5166	4961
5937	0.918	5407	552	5237	5165	4967
5944	0.919	5407	564	5237	5171	4972
5950	0.92	5407	530	5237	5165	4975
5957	0.921	5407	528	5237	5161	4981
5964	0.922	5407	536	5237	5168	4986
5970	0.923	5407	524	5237	5172	4992
5977	0.924	5407	516	5237	5167	4997
5983	0.924	5407	507	5237	5163	5001
5990	0.925	5407	528	5237	5173	5006
5997	0.926	5407	506	5237	5165	5010
6003	0.927	5407	498	5237	5159	5014
6010	0.928	5407	483	5237	5163	5019
6016	0.929	5407	502	5237	5168	5024
6023	0.929	5407	506	5237	5157	5028
6030	0.931	5407	469	5237	5157	5034
6036	0.931	5407	472	5237	5157	5039
6043	0.933	5407	452	5237	5157	5045
6049	0.933	5407	469	5237	5165	5048
6056	0.934	5407	441	5237	5153	5054
6063	0.935	5407	438	5237	5155	5060
6069	0.936	5407	434	5237	5154	5065
6076	0.937	5407	435	5237	5166	5071
6083	0.938	5407	437	5237	5162	5075
6089	0.939	5407	424	5237	5161	5079
6096	0.94	5407	436	5237	5161	5085
6102	0.941	5407	414	5237	5161	5090
6109	0.942	5407	415	5237	5167	5095
6116	0.943	5407	419	5237	5156	5100
6122	0.943	5407	407	5237	5157	5104
6129	0.944	5407	394	5237	5152	5109
6135	0.945	5407	393	5237	5155	5113
6142	0.945	5407	373	5237	5161	5115
6149	0.947	5407	390	5237	5156	5121
6155	0.947	5407	386	5237	5155	5125
6162	0.948	5407	374	5237	5152	5131
6168	0.949	5407	373	5237	5162	5134
6175	0.95	5407	368	5237	5149	5139
6182	0.951	5407	346	5237	5152	5145
6188	0.952	5407	346	5237	5154	5148
6195	0.953	5407	342	5237	5157	5155
6202	0.954	5407	324	5237	5158	5160
6208	0.955	5407	322	5237	5156	5166
6215	0.955	5407	333	5237	5156	5168
6221	0.956	5407	312	5237	5165	5173
6228	0.957	5407	321	5237	5148	5178
6235	0.958	5407	311	5237	5154	5183
6241	0.959	5407	311	5237	5151	5187
6248	0.96	5407	299	5237	5157	5191
6254	0.96	5407	296	5237	5152	5195
6261	0.961	5407	286	5237	5159	5201
6268	0.962	5407	282	5237	5157	5206
6274	0.963	5407	280	5237	5153	5211
6281	0.964	5407	284	5237	5153	5217
6288	0.965	5407	254	5237	5150	5221
6294	0.966	5407	260	5237	5155	5227
6301	0.967	5407	242	5237	5158	5231
6307	0.968	5407	258	5237	5151	5234
6314	0.969	5407	242	5237	5158	5240
6321	0.97	5407	244	5237	5153	5246
6327	0.97	5407	235	5237	5156	5250
6334	0.972	5407	233	5237	5149	5257
6340	0.972	5407	216	5237	5150	5261
6347	0.973	5407	216	5237	5153	5265
6354	0.974	5407	211	5237	5153	5269
6360	0.975	5407	210	5237	5151	5274
6367	0.976	5407	212	5237	5152	5279
6373	0.977	5407	202	5237	5149	5285
6380	0.977	5407	180	5237	5154	5288
6387	0.979	5407	189	5237	5150	5294
6393	0.979	5407	171	5237	5145	5298
6400	0.98	5407	184	5237	5151	5304
6407	0.981	5407	172	5237	5144	5307
6413	0.982	5407	159	5237	5145	5313
6420	0.983	5407	151	5237	5145	5319
6426	0.984	5407	162	5237	5147	5323
6433	0.985	5407	151	5237	5143	5329
6440	0.986	5407	138	5237	5139	5334
6446	0.987	5407	143	5237	5142	5339
6453	0.988	5407	129	5237	5141	5343
6459	0.988	5407	129	5237	5140	5345
6466	0.989	5407	114	5237	5142	5351
6473	0.99	5407	118	5237	5145	5356
6479	0.991	5407	107	5237	5140	5361
6486	0.992	5407	105	5237	5143	5366
6492	0.993	5407	90	5237	5142	5371
6499	0.994	5407	86	5237	5145	5377
6506	0.995	5407	86	5237	5139	5383
6512	0.996	5407	82	5237	5140	5387
6519	0.997	5407	78	5237	5141	5392
6526	0.998	5407	74	5237	5143	5399
6532	0.999	5407	70	5237	5141	5402
6539	1	5407	62	5237	5134	5409
6545	1.001	5407	59	5237	5136	5414
6552	1.001	5407	44	5237	5136	5417
6559	1.002	5407	41	5237	5136	5423
6565	1.003	5407	38	5237	5135	5427
6572	1.004	5407	37	5237	5136	5431
6578	1.005	5407	27	5237	5132	5436
6585	1.006	5407	22	5237	5135	5441
6592	1.007	5407	18	5237	5135	5447
6598	1.007	5407	10	5237	5135	5450
6605	1.009	5407	3	5237	5135	5456
6612	1.009	5407	0	5237	5135	5461
