dist	 eta-scaled	Opt	Trust	Greedy	TrustGreedy	 eta-unslaced
0	0	6432	6432	5820	6432	0
9	0.001	6432	6425	5820	6431	9
18	0.002	6432	6420	5820	6430	18
27	0.004	6432	6416	5820	6432	27
36	0.005	6432	6407	5820	6432	36
45	0.006	6432	6404	5820	6432	44
54	0.008	6432	6398	5820	6430	54
63	0.009	6432	6391	5820	6430	63
72	0.01	6432	6390	5820	6429	69
81	0.012	6432	6381	5820	6432	80
90	0.013	6432	6380	5820	6430	89
99	0.015	6432	6371	5820	6432	99
108	0.016	6432	6362	5820	6428	106
117	0.017	6432	6351	5820	6427	113
126	0.018	6432	6362	5820	6429	121
135	0.02	6432	6352	5820	6430	132
144	0.021	6432	6348	5820	6430	141
153	0.023	6432	6331	5820	6430	150
162	0.024	6432	6342	5820	6431	157
171	0.025	6432	6316	5820	6426	167
180	0.027	6432	6319	5820	6429	174
189	0.028	6432	6320	5820	6428	185
198	0.03	6432	6300	5820	6424	194
207	0.031	6432	6307	5820	6427	203
216	0.032	6432	6306	5820	6425	212
225	0.033	6432	6296	5820	6429	216
234	0.034	6432	6295	5820	6429	225
243	0.036	6432	6282	5820	6425	236
252	0.037	6432	6282	5820	6428	242
261	0.038	6432	6265	5820	6423	250
270	0.04	6432	6290	5820	6430	261
279	0.041	6432	6273	5820	6429	264
289	0.044	6432	6243	5820	6428	284
298	0.044	6432	6265	5820	6424	286
307	0.046	6432	6227	5820	6419	302
316	0.047	6432	6241	5820	6424	303
325	0.048	6432	6246	5820	6423	310
334	0.048	6432	6242	5820	6427	315
343	0.051	6432	6218	5820	6423	330
352	0.052	6432	6223	5820	6420	336
361	0.054	6432	6203	5820	6428	348
370	0.055	6432	6210	5820	6427	360
379	0.055	6432	6195	5820	6418	358
388	0.057	6432	6209	5820	6429	367
397	0.058	6432	6205	5820	6423	378
406	0.061	6432	6179	5820	6417	394
415	0.061	6432	6161	5820	6417	397
424	0.063	6432	6163	5820	6427	406
433	0.063	6432	6168	5820	6422	410
442	0.064	6432	6177	5820	6423	415
451	0.066	6432	6139	5820	6418	427
460	0.068	6432	6159	5820	6423	438
469	0.069	6432	6137	5820	6420	448
478	0.07	6432	6151	5820	6422	451
487	0.07	6432	6130	5820	6415	455
496	0.073	6432	6148	5820	6421	471
505	0.073	6432	6139	5820	6418	472
514	0.074	6432	6102	5820	6425	478
523	0.076	6432	6129	5820	6417	492
532	0.078	6432	6103	5820	6416	505
541	0.079	6432	6092	5820	6411	511
550	0.08	6432	6101	5820	6417	520
559	0.083	6432	6103	5820	6419	536
569	0.083	6432	6072	5820	6420	539
578	0.084	6432	6094	5820	6411	545
587	0.084	6432	6104	5820	6418	543
596	0.086	6432	6073	5820	6416	556
605	0.086	6432	6079	5820	6418	559
614	0.09	6432	6074	5820	6422	579
623	0.091	6432	6038	5820	6417	586
632	0.093	6432	6033	5820	6422	603
641	0.093	6432	6033	5820	6421	604
650	0.095	6432	6030	5820	6415	612
659	0.095	6432	6025	5820	6410	614
668	0.097	6432	6019	5820	6409	624
677	0.098	6432	6028	5820	6410	633
686	0.099	6432	6003	5820	6417	638
695	0.101	6432	6027	5820	6424	652
704	0.101	6432	5996	5820	6410	655
713	0.104	6432	6007	5820	6413	671
722	0.105	6432	5990	5820	6412	677
731	0.108	6432	5989	5820	6418	695
740	0.106	6432	5989	5820	6409	684
749	0.106	6432	5972	5820	6410	686
758	0.107	6432	5968	5820	6416	691
767	0.109	6432	5981	5820	6419	704
776	0.112	6432	5965	5820	6413	723
785	0.114	6432	5954	5820	6418	735
794	0.114	6432	5947	5820	6414	739
803	0.113	6432	5958	5820	6412	727
812	0.117	6432	5954	5820	6413	754
821	0.118	6432	5925	5820	6408	761
830	0.119	6432	5923	5820	6415	767
839	0.12	6432	5918	5820	6406	777
849	0.119	6432	5935	5820	6412	768
858	0.122	6432	5907	5820	6406	791
867	0.124	6432	5913	5820	6415	798
876	0.124	6432	5903	5820	6413	803
885	0.125	6432	5908	5820	6418	806
894	0.127	6432	5897	5820	6406	821
903	0.127	6432	5882	5820	6405	821
912	0.13	6432	5874	5820	6417	841
921	0.13	6432	5882	5820	6411	837
930	0.132	6432	5868	5820	6409	851
939	0.132	6432	5849	5820	6406	852
948	0.137	6432	5868	5820	6407	882
957	0.135	6432	5849	5820	6408	874
966	0.136	6432	5846	5820	6411	881
975	0.135	6432	5854	5820	6407	871
984	0.14	6432	5841	5820	6405	901
993	0.14	6432	5861	5820	6406	902
1002	0.143	6432	5817	5820	6413	922
1011	0.142	6432	5808	5820	6402	917
1020	0.145	6432	5816	5820	6405	935
1029	0.146	6432	5803	5820	6397	945
1038	0.147	6432	5822	5820	6405	950
1047	0.148	6432	5812	5820	6405	953
1056	0.148	6432	5792	5820	6405	952
1065	0.151	6432	5774	5820	6406	973
1074	0.148	6432	5775	5820	6400	957
1083	0.151	6432	5796	5820	6408	977
1092	0.155	6432	5773	5820	6410	1002
1101	0.156	6432	5769	5820	6409	1004
1110	0.156	6432	5767	5820	6409	1004
1119	0.155	6432	5780	5820	6409	999
1129	0.158	6432	5752	5820	6398	1018
1138	0.16	6432	5728	5820	6400	1030
1147	0.16	6432	5717	5820	6404	1034
1156	0.161	6432	5742	5820	6408	1041
1165	0.164	6432	5723	5820	6402	1055
1174	0.165	6432	5715	5820	6394	1064
1183	0.164	6432	5722	5820	6405	1056
1192	0.166	6432	5694	5820	6400	1073
1201	0.168	6432	5723	5820	6406	1084
1210	0.168	6432	5716	5820	6398	1084
1219	0.169	6432	5688	5820	6402	1088
1228	0.172	6432	5695	5820	6402	1112
1237	0.168	6432	5704	5820	6396	1086
1246	0.174	6432	5679	5820	6403	1124
1255	0.172	6432	5661	5820	6403	1112
1264	0.177	6432	5675	5820	6406	1144
1273	0.175	6432	5661	5820	6391	1132
1282	0.177	6432	5629	5820	6390	1140
1291	0.18	6432	5611	5820	6400	1158
1300	0.183	6432	5616	5820	6401	1180
1309	0.183	6432	5605	5820	6395	1182
1318	0.182	6432	5643	5820	6404	1171
1327	0.184	6432	5632	5820	6397	1184
1336	0.185	6432	5623	5820	6393	1191
1345	0.186	6432	5601	5820	6399	1198
1354	0.189	6432	5577	5820	6392	1220
1363	0.188	6432	5597	5820	6392	1214
1372	0.19	6432	5589	5820	6392	1225
1381	0.191	6432	5598	5820	6390	1233
1390	0.191	6432	5599	5820	6388	1230
1399	0.195	6432	5562	5820	6383	1258
1408	0.195	6432	5577	5820	6395	1255
1418	0.196	6432	5588	5820	6398	1262
1427	0.196	6432	5577	5820	6401	1262
1436	0.197	6432	5582	5820	6404	1271
1445	0.198	6432	5559	5820	6394	1279
1454	0.198	6432	5569	5820	6403	1278
1463	0.198	6432	5550	5820	6398	1279
1472	0.203	6432	5562	5820	6399	1306
1481	0.203	6432	5520	5820	6395	1306
1490	0.203	6432	5506	5820	6381	1306
1499	0.204	6432	5536	5820	6396	1317
1508	0.206	6432	5484	5820	6398	1326
1517	0.206	6432	5501	5820	6384	1327
1526	0.209	6432	5487	5820	6394	1345
1535	0.206	6432	5514	5820	6388	1326
1544	0.213	6432	5464	5820	6397	1374
1553	0.213	6432	5496	5820	6399	1372
1562	0.213	6432	5473	5820	6387	1373
1571	0.213	6432	5486	5820	6396	1371
1580	0.216	6432	5441	5820	6385	1395
1589	0.219	6432	5457	5820	6409	1410
1598	0.217	6432	5461	5820	6394	1396
1607	0.215	6432	5496	5820	6391	1388
1616	0.223	6432	5434	5820	6396	1440
1625	0.222	6432	5459	5820	6395	1431
1634	0.22	6432	5450	5820	6393	1417
1643	0.223	6432	5451	5820	6394	1436
1652	0.226	6432	5416	5820	6393	1455
1661	0.226	6432	5429	5820	6394	1459
1670	0.229	6432	5399	5820	6383	1477
1679	0.228	6432	5406	5820	6377	1468
1688	0.227	6432	5413	5820	6377	1466
1698	0.23	6432	5421	5820	6385	1485
1707	0.231	6432	5386	5820	6388	1488
1716	0.229	6432	5407	5820	6393	1476
1725	0.235	6432	5370	5820	6381	1517
1734	0.236	6432	5367	5820	6371	1521
1743	0.237	6432	5369	5820	6398	1530
1752	0.24	6432	5351	5820	6376	1549
1761	0.236	6432	5379	5820	6384	1524
1770	0.243	6432	5323	5820	6385	1567
1779	0.24	6432	5353	5820	6387	1544
1788	0.244	6432	5345	5820	6398	1571
1797	0.243	6432	5333	5820	6382	1569
1806	0.244	6432	5321	5820	6379	1572
1815	0.244	6432	5305	5820	6373	1575
1824	0.247	6432	5297	5820	6388	1591
1833	0.246	6432	5324	5820	6392	1587
1842	0.25	6432	5303	5820	6390	1610
1851	0.247	6432	5313	5820	6374	1594
1860	0.248	6432	5299	5820	6385	1601
1869	0.25	6432	5307	5820	6381	1612
1878	0.252	6432	5286	5820	6378	1623
1887	0.255	6432	5283	5820	6379	1644
1896	0.251	6432	5264	5820	6374	1619
1905	0.256	6432	5278	5820	6376	1648
1914	0.257	6432	5264	5820	6384	1659
1923	0.256	6432	5226	5820	6372	1653
1932	0.261	6432	5251	5820	6385	1684
1941	0.257	6432	5272	5820	6387	1659
1950	0.259	6432	5263	5820	6373	1669
1959	0.263	6432	5216	5820	6377	1695
1968	0.263	6432	5177	5820	6369	1694
1978	0.267	6432	5208	5820	6372	1720
1987	0.268	6432	5214	5820	6363	1728
1996	0.269	6432	5189	5820	6371	1734
2005	0.27	6432	5221	5820	6380	1737
2014	0.27	6432	5198	5820	6372	1737
2023	0.272	6432	5205	5820	6373	1751
2032	0.272	6432	5158	5820	6377	1753
2041	0.271	6432	5185	5820	6379	1745
2050	0.275	6432	5152	5820	6380	1772
2059	0.277	6432	5148	5820	6379	1788
2068	0.281	6432	5148	5820	6386	1813
2077	0.275	6432	5176	5820	6389	1773
2086	0.28	6432	5115	5820	6364	1807
2095	0.28	6432	5170	5820	6374	1803
2104	0.282	6432	5152	5820	6370	1816
2113	0.282	6432	5134	5820	6374	1816
2122	0.281	6432	5133	5820	6367	1811
2131	0.284	6432	5093	5820	6374	1831
2140	0.286	6432	5100	5820	6373	1844
2149	0.285	6432	5097	5820	6365	1839
2158	0.287	6432	5120	5820	6379	1850
2167	0.289	6432	5088	5820	6380	1864
2176	0.287	6432	5082	5820	6368	1848
2185	0.293	6432	5063	5820	6376	1889
2194	0.291	6432	5079	5820	6366	1875
2203	0.289	6432	5089	5820	6365	1864
2212	0.295	6432	5048	5820	6363	1902
2221	0.298	6432	5038	5820	6355	1919
2230	0.3	6432	5039	5820	6357	1931
2239	0.296	6432	5044	5820	6370	1907
2248	0.3	6432	5066	5820	6373	1933
2258	0.298	6432	5047	5820	6360	1918
2267	0.298	6432	5033	5820	6371	1920
2276	0.299	6432	5016	5820	6371	1929
2285	0.303	6432	5003	5820	6370	1951
2294	0.303	6432	4999	5820	6357	1952
2303	0.302	6432	5028	5820	6369	1946
2312	0.304	6432	5024	5820	6366	1959
2321	0.31	6432	4994	5820	6368	1996
2330	0.307	6432	5020	5820	6362	1975
2339	0.305	6432	5015	5820	6371	1962
2348	0.313	6432	4954	5820	6355	2016
2357	0.311	6432	4977	5820	6370	2005
2366	0.311	6432	4952	5820	6369	2005
2375	0.313	6432	4992	5820	6373	2019
2384	0.313	6432	4959	5820	6351	2015
2393	0.314	6432	4986	5820	6365	2022
2402	0.318	6432	4940	5820	6360	2047
2411	0.317	6432	4925	5820	6362	2042
2420	0.317	6432	4952	5820	6380	2044
2429	0.315	6432	4941	5820	6350	2027
2438	0.315	6432	4963	5820	6362	2032
2447	0.323	6432	4921	5820	6363	2083
2456	0.324	6432	4923	5820	6364	2086
2465	0.318	6432	4953	5820	6365	2051
2474	0.319	6432	4909	5820	6363	2053
2483	0.325	6432	4918	5820	6366	2095
2492	0.327	6432	4881	5820	6361	2109
2501	0.33	6432	4870	5820	6357	2123
2510	0.325	6432	4915	5820	6352	2094
2519	0.328	6432	4882	5820	6364	2110
2528	0.332	6432	4862	5820	6358	2140
2537	0.333	6432	4853	5820	6366	2146
2547	0.335	6432	4849	5820	6359	2159
2556	0.331	6432	4826	5820	6354	2130
2565	0.336	6432	4856	5820	6354	2165
2574	0.333	6432	4844	5820	6369	2145
2583	0.34	6432	4820	5820	6366	2190
2592	0.335	6432	4851	5820	6354	2158
2601	0.342	6432	4801	5820	6368	2206
2610	0.34	6432	4788	5820	6356	2189
2619	0.34	6432	4825	5820	6347	2192
2628	0.34	6432	4797	5820	6359	2192
2637	0.343	6432	4798	5820	6362	2212
2646	0.345	6432	4801	5820	6344	2222
2655	0.349	6432	4794	5820	6366	2246
2664	0.345	6432	4804	5820	6351	2221
2673	0.349	6432	4785	5820	6352	2249
2682	0.348	6432	4756	5820	6365	2239
2691	0.35	6432	4759	5820	6366	2252
2700	0.349	6432	4791	5820	6364	2249
2709	0.352	6432	4737	5820	6350	2265
2718	0.35	6432	4769	5820	6355	2253
2727	0.356	6432	4737	5820	6349	2290
2736	0.358	6432	4730	5820	6351	2303
2745	0.355	6432	4730	5820	6345	2285
2754	0.356	6432	4722	5820	6358	2291
2763	0.36	6432	4718	5820	6347	2317
2772	0.358	6432	4725	5820	6368	2307
2781	0.361	6432	4686	5820	6352	2323
2790	0.358	6432	4710	5820	6350	2307
2799	0.359	6432	4717	5820	6348	2310
2808	0.366	6432	4641	5820	6340	2360
2817	0.364	6432	4674	5820	6352	2345
2827	0.366	6432	4681	5820	6346	2356
2836	0.366	6432	4676	5820	6353	2356
2845	0.372	6432	4642	5820	6343	2394
2854	0.368	6432	4648	5820	6350	2368
2863	0.368	6432	4636	5820	6331	2370
2872	0.372	6432	4650	5820	6337	2396
2881	0.373	6432	4617	5820	6354	2405
2890	0.37	6432	4670	5820	6353	2386
2899	0.37	6432	4662	5820	6352	2382
2908	0.375	6432	4614	5820	6355	2414
2917	0.377	6432	4625	5820	6330	2427
2926	0.379	6432	4587	5820	6339	2442
2935	0.378	6432	4618	5820	6343	2436
2944	0.376	6432	4613	5820	6334	2423
2953	0.378	6432	4598	5820	6332	2434
2962	0.376	6432	4603	5820	6339	2422
2971	0.384	6432	4574	5820	6351	2473
2980	0.383	6432	4610	5820	6353	2466
2989	0.379	6432	4590	5820	6336	2440
2998	0.385	6432	4565	5820	6357	2481
3007	0.388	6432	4551	5820	6328	2500
3016	0.386	6432	4585	5820	6349	2483
3025	0.39	6432	4570	5820	6347	2514
3034	0.386	6432	4557	5820	6339	2487
3043	0.387	6432	4535	5820	6336	2494
3052	0.395	6432	4510	5820	6350	2547
3061	0.388	6432	4529	5820	6337	2497
3070	0.395	6432	4501	5820	6341	2541
3079	0.396	6432	4480	5820	6336	2553
3088	0.399	6432	4488	5820	6344	2571
3097	0.398	6432	4535	5820	6347	2560
3107	0.393	6432	4525	5820	6339	2532
3116	0.398	6432	4497	5820	6336	2566
3125	0.403	6432	4470	5820	6336	2594
3134	0.4	6432	4471	5820	6337	2579
3143	0.4	6432	4486	5820	6328	2578
3152	0.408	6432	4454	5820	6338	2627
3161	0.403	6432	4481	5820	6330	2598
3170	0.401	6432	4479	5820	6336	2580
3179	0.407	6432	4450	5820	6343	2618
3188	0.408	6432	4417	5820	6332	2628
3197	0.414	6432	4412	5820	6355	2667
3206	0.411	6432	4432	5820	6340	2646
3215	0.411	6432	4407	5820	6343	2649
3224	0.41	6432	4428	5820	6340	2638
3233	0.413	6432	4382	5820	6333	2657
3242	0.407	6432	4446	5820	6321	2621
3251	0.417	6432	4380	5820	6335	2684
3260	0.415	6432	4389	5820	6332	2673
3269	0.416	6432	4392	5820	6329	2679
3278	0.418	6432	4396	5820	6342	2693
3287	0.417	6432	4394	5820	6339	2688
3296	0.422	6432	4347	5820	6340	2717
3305	0.419	6432	4374	5820	6327	2697
3314	0.418	6432	4370	5820	6321	2692
3323	0.421	6432	4352	5820	6337	2714
3332	0.423	6432	4357	5820	6338	2722
3341	0.425	6432	4326	5820	6339	2735
3350	0.424	6432	4349	5820	6338	2732
3359	0.425	6432	4336	5820	6327	2739
3368	0.423	6432	4331	5820	6330	2723
3377	0.425	6432	4349	5820	6330	2739
3387	0.425	6432	4319	5820	6338	2736
3396	0.431	6432	4324	5820	6343	2776
3405	0.434	6432	4281	5820	6342	2793
3414	0.43	6432	4331	5820	6334	2768
3423	0.432	6432	4285	5820	6337	2785
3432	0.434	6432	4271	5820	6326	2797
3441	0.435	6432	4288	5820	6317	2798
3450	0.435	6432	4261	5820	6344	2799
3459	0.433	6432	4289	5820	6334	2789
3468	0.438	6432	4281	5820	6326	2821
3477	0.444	6432	4215	5820	6332	2860
3486	0.44	6432	4236	5820	6325	2832
3495	0.442	6432	4262	5820	6321	2844
3504	0.447	6432	4182	5820	6314	2879
3513	0.441	6432	4230	5820	6318	2841
3522	0.439	6432	4230	5820	6307	2830
3531	0.448	6432	4214	5820	6318	2887
3540	0.447	6432	4219	5820	6321	2881
3549	0.444	6432	4234	5820	6299	2862
3558	0.45	6432	4194	5820	6331	2895
3567	0.451	6432	4181	5820	6330	2907
3576	0.45	6432	4220	5820	6325	2900
3585	0.453	6432	4185	5820	6324	2915
3594	0.453	6432	4163	5820	6306	2918
3603	0.453	6432	4161	5820	6319	2916
3612	0.456	6432	4154	5820	6327	2935
3621	0.457	6432	4126	5820	6321	2944
3630	0.459	6432	4124	5820	6305	2954
3639	0.459	6432	4170	5820	6331	2958
3648	0.461	6432	4134	5820	6335	2970
3657	0.459	6432	4127	5820	6315	2954
3666	0.464	6432	4121	5820	6314	2990
3676	0.464	6432	4131	5820	6330	2985
3685	0.46	6432	4147	5820	6334	2965
3694	0.462	6432	4131	5820	6309	2972
3703	0.466	6432	4071	5820	6333	3003
3712	0.464	6432	4111	5820	6321	2989
3721	0.463	6432	4148	5820	6314	2982
3730	0.465	6432	4112	5820	6308	2992
3739	0.474	6432	4071	5820	6323	3052
3748	0.466	6432	4106	5820	6327	3002
3757	0.469	6432	4077	5820	6316	3018
3766	0.472	6432	4091	5820	6331	3037
3775	0.471	6432	4060	5820	6322	3034
3784	0.475	6432	4063	5820	6315	3061
3793	0.472	6432	4060	5820	6324	3041
3802	0.473	6432	4025	5820	6311	3044
3811	0.476	6432	4033	5820	6308	3065
3820	0.48	6432	4013	5820	6314	3089
3829	0.477	6432	3999	5820	6328	3073
3838	0.48	6432	4030	5820	6314	3089
3847	0.478	6432	4018	5820	6325	3076
3856	0.48	6432	4009	5820	6305	3092
3865	0.478	6432	4017	5820	6326	3080
3874	0.478	6432	4008	5820	6311	3079
3883	0.487	6432	3991	5820	6321	3133
3892	0.485	6432	3985	5820	6320	3122
3901	0.487	6432	3977	5820	6304	3136
3910	0.482	6432	4000	5820	6300	3102
3919	0.49	6432	3933	5820	6298	3156
3928	0.486	6432	3955	5820	6302	3132
3937	0.487	6432	4006	5820	6328	3134
3946	0.486	6432	3980	5820	6289	3126
3956	0.495	6432	3947	5820	6310	3190
3965	0.495	6432	3899	5820	6289	3186
3974	0.501	6432	3864	5820	6299	3224
3983	0.499	6432	3911	5820	6287	3211
3992	0.499	6432	3910	5820	6297	3210
4001	0.499	6432	3902	5820	6307	3213
4010	0.5	6432	3893	5820	6316	3218
4019	0.5	6432	3884	5820	6308	3217
4028	0.498	6432	3868	5820	6309	3208
4037	0.5	6432	3871	5820	6312	3221
4046	0.503	6432	3868	5820	6307	3236
4055	0.506	6432	3870	5820	6298	3256
4064	0.501	6432	3883	5820	6294	3226
4073	0.51	6432	3848	5820	6304	3283
4082	0.509	6432	3825	5820	6292	3280
4091	0.51	6432	3818	5820	6294	3284
4100	0.511	6432	3817	5820	6298	3291
4109	0.51	6432	3844	5820	6309	3282
4118	0.507	6432	3826	5820	6311	3263
4127	0.513	6432	3806	5820	6309	3300
4136	0.511	6432	3806	5820	6296	3288
4145	0.507	6432	3812	5820	6308	3267
4154	0.52	6432	3778	5820	6313	3346
4163	0.512	6432	3814	5820	6318	3298
4172	0.515	6432	3779	5820	6289	3314
4181	0.515	6432	3795	5820	6288	3318
4190	0.52	6432	3757	5820	6286	3348
4199	0.515	6432	3795	5820	6280	3313
4208	0.52	6432	3746	5820	6288	3347
4217	0.523	6432	3742	5820	6283	3368
4226	0.522	6432	3773	5820	6276	3358
4236	0.528	6432	3730	5820	6282	3402
4245	0.519	6432	3769	5820	6307	3342
4254	0.528	6432	3733	5820	6298	3397
4263	0.526	6432	3710	5820	6278	3384
4272	0.527	6432	3726	5820	6317	3396
4281	0.528	6432	3712	5820	6282	3398
4290	0.525	6432	3739	5820	6297	3383
4299	0.527	6432	3729	5820	6295	3390
4308	0.535	6432	3703	5820	6284	3443
4317	0.533	6432	3682	5820	6295	3430
4326	0.532	6432	3707	5820	6297	3423
4335	0.535	6432	3677	5820	6284	3444
4344	0.532	6432	3692	5820	6272	3428
4353	0.534	6432	3669	5820	6302	3436
4362	0.534	6432	3680	5820	6280	3438
4371	0.539	6432	3627	5820	6289	3468
4380	0.54	6432	3634	5820	6281	3476
4389	0.537	6432	3669	5820	6284	3456
4398	0.544	6432	3606	5820	6281	3502
4407	0.538	6432	3637	5820	6287	3465
4416	0.547	6432	3614	5820	6315	3520
4425	0.543	6432	3609	5820	6284	3494
4434	0.54	6432	3645	5820	6295	3475
4443	0.546	6432	3601	5820	6296	3515
4452	0.542	6432	3624	5820	6284	3489
4461	0.548	6432	3580	5820	6291	3526
4470	0.547	6432	3604	5820	6284	3520
4479	0.554	6432	3553	5820	6288	3568
4488	0.545	6432	3611	5820	6288	3508
4497	0.555	6432	3521	5820	6263	3570
4506	0.552	6432	3554	5820	6277	3553
4516	0.552	6432	3588	5820	6270	3555
4525	0.554	6432	3581	5820	6294	3566
4534	0.556	6432	3553	5820	6277	3577
4543	0.56	6432	3502	5820	6268	3604
4552	0.557	6432	3552	5820	6276	3583
4561	0.56	6432	3522	5820	6281	3605
4570	0.559	6432	3515	5820	6290	3598
4579	0.556	6432	3544	5820	6278	3580
4588	0.559	6432	3525	5820	6298	3597
4597	0.559	6432	3512	5820	6270	3597
4606	0.566	6432	3486	5820	6296	3642
4615	0.564	6432	3504	5820	6284	3631
4624	0.566	6432	3472	5820	6294	3641
4633	0.567	6432	3453	5820	6269	3648
4642	0.564	6432	3480	5820	6254	3630
4651	0.568	6432	3436	5820	6273	3659
4660	0.565	6432	3494	5820	6301	3636
4669	0.574	6432	3415	5820	6292	3698
4678	0.572	6432	3419	5820	6292	3685
4687	0.567	6432	3445	5820	6286	3652
4696	0.568	6432	3434	5820	6267	3659
4705	0.572	6432	3431	5820	6248	3682
4714	0.571	6432	3430	5820	6287	3676
4723	0.571	6432	3448	5820	6284	3676
4732	0.575	6432	3423	5820	6263	3702
4741	0.575	6432	3380	5820	6272	3704
4750	0.581	6432	3355	5820	6276	3737
4759	0.581	6432	3402	5820	6276	3743
4768	0.578	6432	3391	5820	6272	3719
4777	0.583	6432	3395	5820	6276	3750
4786	0.581	6432	3340	5820	6265	3742
4795	0.575	6432	3386	5820	6275	3704
4805	0.579	6432	3363	5820	6261	3726
4814	0.578	6432	3395	5820	6264	3722
4823	0.588	6432	3314	5820	6254	3786
4832	0.579	6432	3353	5820	6270	3726
4841	0.587	6432	3359	5820	6274	3777
4850	0.587	6432	3334	5820	6256	3780
4859	0.589	6432	3334	5820	6256	3790
4868	0.596	6432	3309	5820	6279	3835
4877	0.594	6432	3275	5820	6263	3824
4886	0.59	6432	3316	5820	6281	3799
4895	0.594	6432	3281	5820	6261	3824
4904	0.59	6432	3297	5820	6264	3797
4913	0.593	6432	3258	5820	6253	3820
4922	0.589	6432	3312	5820	6280	3792
4931	0.598	6432	3260	5820	6256	3850
4940	0.593	6432	3280	5820	6261	3820
4949	0.593	6432	3271	5820	6268	3820
4958	0.598	6432	3262	5820	6268	3848
4967	0.593	6432	3270	5820	6253	3819
4976	0.599	6432	3215	5820	6259	3855
4985	0.605	6432	3230	5820	6254	3892
4994	0.602	6432	3229	5820	6264	3878
5003	0.603	6432	3214	5820	6274	3884
5012	0.607	6432	3184	5820	6256	3908
5021	0.608	6432	3185	5820	6254	3911
5030	0.605	6432	3215	5820	6250	3894
5039	0.601	6432	3216	5820	6257	3868
5048	0.608	6432	3204	5820	6249	3911
5057	0.611	6432	3173	5820	6239	3932
5066	0.612	6432	3162	5820	6243	3941
5075	0.606	6432	3189	5820	6258	3902
5085	0.615	6432	3140	5820	6241	3957
5094	0.608	6432	3176	5820	6257	3917
5103	0.613	6432	3152	5820	6248	3943
5112	0.614	6432	3168	5820	6257	3950
5121	0.615	6432	3149	5820	6255	3958
5130	0.617	6432	3128	5820	6262	3970
5139	0.62	6432	3107	5820	6246	3990
5148	0.62	6432	3135	5820	6225	3993
5157	0.623	6432	3093	5820	6277	4008
5166	0.617	6432	3124	5820	6254	3973
5175	0.619	6432	3104	5820	6272	3986
5184	0.617	6432	3112	5820	6248	3972
5193	0.628	6432	3079	5820	6264	4044
5202	0.624	6432	3052	5820	6239	4014
5211	0.628	6432	3057	5820	6217	4043
5220	0.632	6432	3016	5820	6260	4071
5229	0.63	6432	3062	5820	6250	4058
5238	0.627	6432	3038	5820	6254	4037
5247	0.627	6432	3068	5820	6230	4037
5256	0.63	6432	3034	5820	6241	4055
5265	0.632	6432	3031	5820	6225	4068
5274	0.634	6432	3007	5820	6229	4083
5283	0.633	6432	3048	5820	6245	4076
5292	0.636	6432	2985	5820	6214	4091
5301	0.632	6432	3015	5820	6250	4070
5310	0.637	6432	3007	5820	6240	4098
5319	0.633	6432	2996	5820	6219	4073
5328	0.64	6432	2960	5820	6250	4121
5337	0.641	6432	2973	5820	6239	4124
5346	0.636	6432	2992	5820	6241	4096
5355	0.639	6432	2997	5820	6246	4115
5365	0.638	6432	2952	5820	6264	4110
5374	0.638	6432	2963	5820	6249	4107
5383	0.644	6432	2929	5820	6223	4148
5392	0.643	6432	2956	5820	6233	4139
5401	0.646	6432	2926	5820	6230	4157
5410	0.65	6432	2907	5820	6230	4181
5419	0.647	6432	2915	5820	6253	4164
5428	0.651	6432	2938	5820	6239	4192
5437	0.65	6432	2919	5820	6231	4187
5446	0.645	6432	2929	5820	6236	4155
5455	0.647	6432	2901	5820	6235	4164
5464	0.65	6432	2884	5820	6230	4181
5473	0.65	6432	2888	5820	6234	4185
5482	0.648	6432	2889	5820	6240	4172
5491	0.65	6432	2899	5820	6230	4182
5500	0.656	6432	2843	5820	6226	4221
5509	0.658	6432	2838	5820	6223	4233
5518	0.652	6432	2891	5820	6230	4195
5527	0.656	6432	2846	5820	6224	4221
5536	0.662	6432	2838	5820	6238	4261
5545	0.662	6432	2813	5820	6220	4261
5554	0.663	6432	2822	5820	6232	4265
5563	0.662	6432	2815	5820	6225	4261
5572	0.659	6432	2826	5820	6257	4245
5581	0.67	6432	2781	5820	6220	4311
5590	0.661	6432	2824	5820	6223	4252
5599	0.668	6432	2788	5820	6215	4298
5608	0.666	6432	2801	5820	6219	4285
5617	0.674	6432	2748	5820	6225	4338
5626	0.674	6432	2779	5820	6253	4340
5635	0.669	6432	2791	5820	6234	4304
5645	0.67	6432	2769	5820	6209	4310
5654	0.669	6432	2757	5820	6204	4305
5663	0.674	6432	2745	5820	6231	4336
5672	0.67	6432	2734	5820	6213	4315
5681	0.679	6432	2716	5820	6198	4370
5690	0.67	6432	2753	5820	6227	4311
5699	0.676	6432	2733	5820	6228	4353
5708	0.671	6432	2736	5820	6212	4320
5717	0.678	6432	2706	5820	6224	4362
5726	0.681	6432	2687	5820	6226	4386
5735	0.688	6432	2676	5820	6217	4430
5744	0.682	6432	2703	5820	6204	4388
5753	0.68	6432	2698	5820	6210	4380
5762	0.68	6432	2690	5820	6232	4380
5771	0.686	6432	2667	5820	6211	4413
5780	0.683	6432	2685	5820	6232	4396
5789	0.682	6432	2656	5820	6200	4392
5798	0.691	6432	2645	5820	6226	4445
5807	0.687	6432	2619	5820	6229	4422
5816	0.686	6432	2656	5820	6224	4417
5825	0.691	6432	2607	5820	6240	4445
5834	0.689	6432	2617	5820	6202	4437
5843	0.697	6432	2589	5820	6200	4489
5852	0.688	6432	2618	5820	6213	4427
5861	0.692	6432	2578	5820	6190	4451
5870	0.696	6432	2584	5820	6209	4481
5879	0.69	6432	2610	5820	6212	4442
5888	0.697	6432	2579	5820	6206	4484
5897	0.699	6432	2586	5820	6202	4500
5906	0.695	6432	2601	5820	6204	4473
5915	0.702	6432	2569	5820	6207	4516
5924	0.696	6432	2555	5820	6211	4481
5934	0.7	6432	2552	5820	6215	4506
5943	0.698	6432	2543	5820	6193	4494
5952	0.7	6432	2574	5820	6223	4504
5961	0.699	6432	2552	5820	6213	4500
5970	0.701	6432	2523	5820	6182	4512
5979	0.703	6432	2522	5820	6198	4528
5988	0.706	6432	2510	5820	6232	4546
5997	0.704	6432	2519	5820	6201	4530
6006	0.71	6432	2512	5820	6210	4568
6015	0.705	6432	2509	5820	6220	4537
6024	0.706	6432	2476	5820	6179	4543
6033	0.708	6432	2476	5820	6215	4560
6042	0.714	6432	2459	5820	6212	4593
6051	0.716	6432	2452	5820	6169	4610
6060	0.711	6432	2471	5820	6206	4576
6069	0.718	6432	2459	5820	6221	4620
6078	0.715	6432	2463	5820	6199	4599
6087	0.714	6432	2427	5820	6214	4596
6096	0.72	6432	2439	5820	6205	4635
6105	0.717	6432	2427	5820	6214	4616
6114	0.716	6432	2452	5820	6199	4610
6123	0.724	6432	2371	5820	6207	4661
6132	0.719	6432	2394	5820	6215	4631
6141	0.724	6432	2407	5820	6190	4660
6150	0.722	6432	2376	5820	6181	4649
6159	0.72	6432	2387	5820	6207	4635
6168	0.723	6432	2401	5820	6207	4656
6177	0.723	6432	2372	5820	6203	4652
6186	0.731	6432	2357	5820	6173	4706
6195	0.724	6432	2357	5820	6192	4663
6204	0.717	6432	2363	5820	6178	4613
6214	0.73	6432	2331	5820	6191	4699
6223	0.727	6432	2330	5820	6172	4680
6232	0.733	6432	2323	5820	6210	4720
6241	0.73	6432	2357	5820	6227	4698
6250	0.731	6432	2325	5820	6182	4707
6259	0.736	6432	2303	5820	6167	4734
6268	0.73	6432	2305	5820	6190	4696
6277	0.733	6432	2312	5820	6196	4718
6286	0.732	6432	2317	5820	6184	4712
6295	0.736	6432	2263	5820	6175	4739
6304	0.734	6432	2288	5820	6162	4727
6313	0.737	6432	2272	5820	6187	4742
6322	0.739	6432	2279	5820	6179	4757
6331	0.736	6432	2251	5820	6177	4737
6340	0.743	6432	2272	5820	6149	4781
6349	0.737	6432	2253	5820	6165	4743
6358	0.737	6432	2257	5820	6129	4744
6367	0.741	6432	2235	5820	6181	4767
6376	0.742	6432	2247	5820	6178	4778
6385	0.746	6432	2204	5820	6173	4800
6394	0.742	6432	2235	5820	6157	4777
6403	0.742	6432	2214	5820	6171	4775
6412	0.75	6432	2195	5820	6182	4827
6421	0.746	6432	2220	5820	6191	4800
6430	0.749	6432	2180	5820	6188	4821
6439	0.75	6432	2164	5820	6175	4826
6448	0.754	6432	2143	5820	6138	4856
6457	0.751	6432	2151	5820	6172	4831
6466	0.75	6432	2154	5820	6151	4827
6475	0.752	6432	2136	5820	6176	4842
6484	0.753	6432	2148	5820	6159	4847
6494	0.752	6432	2131	5820	6162	4837
6503	0.759	6432	2110	5820	6177	4884
6512	0.758	6432	2124	5820	6169	4879
6521	0.757	6432	2128	5820	6191	4873
6530	0.762	6432	2110	5820	6170	4907
6539	0.757	6432	2120	5820	6173	4870
6548	0.764	6432	2067	5820	6147	4915
6557	0.764	6432	2091	5820	6171	4918
6566	0.762	6432	2067	5820	6164	4903
6575	0.762	6432	2069	5820	6145	4907
6584	0.768	6432	2063	5820	6167	4941
6593	0.77	6432	2046	5820	6187	4956
6602	0.767	6432	2067	5820	6164	4938
6611	0.77	6432	2044	5820	6182	4955
6620	0.767	6432	2040	5820	6156	4939
6629	0.774	6432	2003	5820	6157	4981
6638	0.765	6432	2034	5820	6164	4926
6647	0.775	6432	1974	5820	6153	4986
6656	0.773	6432	2005	5820	6178	4978
6665	0.769	6432	2034	5820	6171	4947
6674	0.768	6432	2013	5820	6165	4945
6683	0.77	6432	1976	5820	6160	4955
6692	0.779	6432	1975	5820	6151	5012
6701	0.78	6432	1951	5820	6137	5020
6710	0.779	6432	1973	5820	6164	5013
6719	0.773	6432	1969	5820	6113	4973
6728	0.778	6432	1970	5820	6141	5006
6737	0.783	6432	1930	5820	6133	5039
6746	0.784	6432	1949	5820	6148	5049
6755	0.781	6432	1948	5820	6208	5025
6764	0.784	6432	1927	5820	6137	5045
6774	0.785	6432	1927	5820	6143	5053
6783	0.787	6432	1918	5820	6159	5063
6792	0.788	6432	1883	5820	6139	5072
6801	0.786	6432	1897	5820	6174	5060
6810	0.789	6432	1870	5820	6127	5080
6819	0.788	6432	1894	5820	6156	5072
6828	0.791	6432	1871	5820	6116	5094
6837	0.792	6432	1844	5820	6146	5099
6846	0.794	6432	1854	5820	6157	5112
6855	0.791	6432	1848	5820	6142	5093
6864	0.792	6432	1852	5820	6136	5095
6873	0.793	6432	1842	5820	6113	5106
6882	0.799	6432	1847	5820	6111	5143
6891	0.795	6432	1813	5820	6131	5114
6900	0.795	6432	1822	5820	6122	5119
6909	0.799	6432	1820	5820	6146	5141
6918	0.795	6432	1835	5820	6119	5115
6927	0.801	6432	1812	5820	6147	5153
6936	0.802	6432	1797	5820	6123	5161
6945	0.797	6432	1809	5820	6132	5129
6954	0.803	6432	1770	5820	6066	5168
6963	0.802	6432	1782	5820	6150	5163
6972	0.804	6432	1753	5820	6115	5174
6981	0.803	6432	1768	5820	6126	5169
6990	0.806	6432	1782	5820	6125	5187
6999	0.804	6432	1754	5820	6153	5173
7008	0.806	6432	1742	5820	6137	5186
7017	0.81	6432	1692	5820	6102	5216
7026	0.804	6432	1731	5820	6141	5177
7035	0.812	6432	1706	5820	6134	5226
7044	0.809	6432	1715	5820	6094	5208
7053	0.807	6432	1730	5820	6143	5192
7063	0.811	6432	1698	5820	6095	5220
7072	0.807	6432	1711	5820	6119	5197
7081	0.814	6432	1685	5820	6119	5240
7090	0.811	6432	1673	5820	6156	5221
7099	0.818	6432	1660	5820	6114	5263
7108	0.817	6432	1662	5820	6118	5255
7117	0.814	6432	1663	5820	6104	5241
7126	0.82	6432	1658	5820	6126	5275
7135	0.817	6432	1670	5820	6118	5260
7144	0.82	6432	1628	5820	6082	5278
7153	0.822	6432	1645	5820	6132	5288
7162	0.827	6432	1591	5820	6112	5323
7171	0.82	6432	1633	5820	6098	5279
7180	0.824	6432	1610	5820	6084	5304
7189	0.827	6432	1601	5820	6127	5324
7198	0.824	6432	1620	5820	6120	5303
7207	0.831	6432	1579	5820	6113	5347
7216	0.827	6432	1594	5820	6094	5325
7225	0.828	6432	1564	5820	6105	5332
7234	0.831	6432	1559	5820	6114	5346
7243	0.826	6432	1573	5820	6105	5319
7252	0.833	6432	1577	5820	6116	5358
7261	0.83	6432	1552	5820	6140	5341
7270	0.828	6432	1534	5820	6128	5329
7279	0.833	6432	1524	5820	6049	5359
7288	0.829	6432	1540	5820	6108	5333
7297	0.834	6432	1511	5820	6107	5367
7306	0.837	6432	1510	5820	6090	5390
7315	0.835	6432	1506	5820	6119	5377
7324	0.835	6432	1508	5820	6085	5372
7333	0.837	6432	1472	5820	6097	5385
7343	0.843	6432	1468	5820	6084	5427
7352	0.841	6432	1472	5820	6130	5410
7361	0.842	6432	1459	5820	6093	5420
7370	0.841	6432	1450	5820	6095	5413
7379	0.843	6432	1444	5820	6101	5426
7388	0.841	6432	1442	5820	6100	5413
7397	0.846	6432	1430	5820	6074	5447
7406	0.845	6432	1432	5820	6120	5440
7415	0.843	6432	1425	5820	6095	5427
7424	0.846	6432	1413	5820	6092	5447
7433	0.853	6432	1388	5820	6104	5490
7442	0.846	6432	1420	5820	6102	5447
7451	0.85	6432	1384	5820	6072	5471
7460	0.851	6432	1373	5820	6052	5479
7469	0.849	6432	1370	5820	6021	5465
7478	0.854	6432	1363	5820	6074	5495
7487	0.855	6432	1371	5820	6065	5505
7496	0.857	6432	1339	5820	6117	5513
7505	0.858	6432	1355	5820	6054	5520
7514	0.856	6432	1354	5820	6084	5510
7523	0.858	6432	1321	5820	6067	5520
7532	0.852	6432	1332	5820	6061	5483
7541	0.857	6432	1329	5820	6089	5518
7550	0.86	6432	1306	5820	6063	5535
7559	0.865	6432	1289	5820	6044	5566
7568	0.861	6432	1288	5820	6022	5539
7577	0.864	6432	1298	5820	6029	5561
7586	0.865	6432	1265	5820	6031	5566
7595	0.869	6432	1266	5820	6043	5591
7604	0.859	6432	1280	5820	6086	5530
7613	0.867	6432	1251	5820	6047	5578
7623	0.867	6432	1238	5820	6059	5582
7632	0.87	6432	1229	5820	6111	5600
7641	0.866	6432	1221	5820	6078	5575
7650	0.87	6432	1224	5820	6070	5600
7659	0.866	6432	1232	5820	6066	5572
7668	0.867	6432	1209	5820	6079	5582
7677	0.872	6432	1215	5820	6037	5615
7686	0.876	6432	1199	5820	6011	5636
7695	0.87	6432	1179	5820	6080	5596
7704	0.875	6432	1163	5820	6066	5631
7713	0.875	6432	1184	5820	6057	5630
7722	0.874	6432	1172	5820	6080	5627
7731	0.875	6432	1166	5820	6023	5632
7740	0.877	6432	1151	5820	6046	5644
7749	0.876	6432	1139	5820	6034	5639
7758	0.882	6432	1135	5820	6067	5679
7767	0.879	6432	1140	5820	6056	5660
7776	0.879	6432	1134	5820	6045	5658
7785	0.881	6432	1132	5820	6046	5673
7794	0.883	6432	1116	5820	6042	5684
7803	0.883	6432	1108	5820	6026	5681
7812	0.884	6432	1085	5820	6056	5686
7821	0.884	6432	1081	5820	6071	5686
7830	0.89	6432	1068	5820	6078	5727
7839	0.89	6432	1063	5820	6030	5726
7848	0.889	6432	1064	5820	6028	5720
7857	0.891	6432	1049	5820	5999	5733
7866	0.889	6432	1062	5820	6062	5723
7875	0.891	6432	1051	5820	5997	5731
7884	0.891	6432	1027	5820	6050	5737
7893	0.886	6432	1033	5820	5993	5705
7903	0.894	6432	1014	5820	6027	5755
7912	0.894	6432	1019	5820	6001	5753
7921	0.895	6432	1000	5820	5978	5759
7930	0.9	6432	1000	5820	6074	5792
7939	0.894	6432	999	5820	6018	5751
7948	0.898	6432	981	5820	6042	5776
7957	0.901	6432	966	5820	6032	5797
7966	0.899	6432	968	5820	6015	5784
7975	0.902	6432	954	5820	6019	5805
7984	0.901	6432	946	5820	6018	5801
7993	0.904	6432	942	5820	6030	5820
8002	0.901	6432	949	5820	5999	5799
8011	0.903	6432	924	5820	5971	5813
8020	0.903	6432	924	5820	6004	5813
8029	0.906	6432	923	5820	5988	5831
8038	0.905	6432	904	5820	6013	5826
8047	0.907	6432	914	5820	6042	5834
8056	0.91	6432	901	5820	6002	5857
8065	0.909	6432	887	5820	6012	5853
8074	0.909	6432	881	5820	5975	5852
8083	0.912	6432	872	5820	5990	5872
8092	0.909	6432	854	5820	5986	5852
8101	0.909	6432	850	5820	6043	5849
8110	0.914	6432	834	5820	6001	5880
8119	0.916	6432	825	5820	5984	5892
8128	0.914	6432	833	5820	6010	5884
8137	0.917	6432	822	5820	6039	5900
8146	0.916	6432	824	5820	5997	5892
8155	0.918	6432	800	5820	6014	5907
8164	0.918	6432	797	5820	5958	5907
8173	0.916	6432	779	5820	5998	5893
8182	0.918	6432	787	5820	5978	5911
8192	0.921	6432	780	5820	6000	5925
8201	0.924	6432	771	5820	5944	5948
8210	0.92	6432	778	5820	6004	5919
8219	0.921	6432	760	5820	6030	5927
8228	0.926	6432	745	5820	5932	5960
8237	0.928	6432	728	5820	5999	5973
8246	0.923	6432	734	5820	5996	5940
8255	0.921	6432	727	5820	5947	5929
8264	0.932	6432	707	5820	5953	5999
8273	0.926	6432	699	5820	5996	5962
8282	0.931	6432	688	5820	5980	5990
8291	0.93	6432	687	5820	5953	5984
8300	0.93	6432	679	5820	5925	5986
8309	0.93	6432	683	5820	5941	5987
8318	0.932	6432	656	5820	5954	6000
8327	0.933	6432	650	5820	6017	6004
8336	0.934	6432	652	5820	5976	6008
8345	0.937	6432	641	5820	5936	6031
8354	0.934	6432	630	5820	5943	6011
8363	0.934	6432	629	5820	5958	6012
8372	0.937	6432	616	5820	5989	6029
8381	0.938	6432	614	5820	5939	6037
8390	0.939	6432	596	5820	5910	6042
8399	0.939	6432	595	5820	5913	6044
8408	0.942	6432	585	5820	5983	6060
8417	0.942	6432	571	5820	5920	6062
8426	0.942	6432	574	5820	5920	6065
8435	0.942	6432	561	5820	5915	6065
8444	0.945	6432	557	5820	5962	6082
8453	0.946	6432	548	5820	5952	6086
8462	0.948	6432	534	5820	5903	6099
8472	0.951	6432	525	5820	5916	6120
8481	0.947	6432	517	5820	5912	6095
8490	0.949	6432	509	5820	5899	6106
8499	0.951	6432	500	5820	5889	6122
8508	0.951	6432	493	5820	5892	6119
8517	0.952	6432	488	5820	5912	6127
8526	0.953	6432	475	5820	5916	6134
8535	0.952	6432	471	5820	5979	6126
8544	0.954	6432	458	5820	5900	6140
8553	0.952	6432	460	5820	5886	6128
8562	0.956	6432	449	5820	5958	6150
8571	0.957	6432	431	5820	5878	6161
8580	0.957	6432	436	5820	5878	6157
8589	0.958	6432	419	5820	5868	6166
8598	0.959	6432	409	5820	5902	6172
8607	0.959	6432	407	5820	5855	6174
8616	0.957	6432	399	5820	5875	6159
8625	0.962	6432	382	5820	5941	6194
8634	0.962	6432	381	5820	5882	6191
8643	0.96	6432	373	5820	5846	6181
8652	0.965	6432	355	5820	5856	6211
8661	0.964	6432	360	5820	5898	6203
8670	0.963	6432	352	5820	5918	6200
8679	0.968	6432	337	5820	5866	6227
8688	0.967	6432	334	5820	5861	6222
8697	0.968	6432	327	5820	5885	6232
8706	0.967	6432	315	5820	5878	6223
8715	0.97	6432	303	5820	5906	6244
8724	0.974	6432	300	5820	5827	6268
8733	0.971	6432	294	5820	5887	6251
8742	0.973	6432	278	5820	5847	6259
8752	0.974	6432	269	5820	5820	6268
8761	0.976	6432	260	5820	5928	6279
8770	0.976	6432	255	5820	5839	6279
8779	0.974	6432	250	5820	5849	6271
8788	0.976	6432	238	5820	5859	6283
8797	0.979	6432	222	5820	5826	6297
8806	0.977	6432	218	5820	5867	6290
8815	0.981	6432	208	5820	5843	6310
8824	0.981	6432	201	5820	5855	6313
8833	0.982	6432	194	5820	5820	6317
8842	0.982	6432	187	5820	5853	6322
8851	0.982	6432	178	5820	5824	6317
8860	0.985	6432	165	5820	5825	6340
8869	0.983	6432	160	5820	5841	6323
8878	0.984	6432	152	5820	5869	6335
8887	0.986	6432	141	5820	5820	6342
8896	0.986	6432	134	5820	5820	6348
8905	0.987	6432	126	5820	5820	6354
8914	0.99	6432	115	5820	5829	6369
8923	0.989	6432	108	5820	5820	6366
8932	0.991	6432	98	5820	5823	6379
8941	0.992	6432	91	5820	5820	6382
8950	0.993	6432	80	5820	5820	6392
8959	0.992	6432	73	5820	5820	6382
8968	0.994	6432	63	5820	5820	6396
8977	0.994	6432	55	5820	5820	6399
8986	0.995	6432	45	5820	5820	6405
8995	0.997	6432	37	5820	5820	6413
9004	0.997	6432	28	5820	5820	6413
9013	0.998	6432	19	5820	5820	6424
9022	0.999	6432	10	5820	5820	6427
9032	1	6432	0	5820	5820	6432
