dist	 eta-scaled	Opt	Trust	Greedy	TrustGreedy	 eta-unslaced
0	0	6460	6459	5943	6460	0
9	0.001	6460	6453	5943	6459	9
18	0.002	6460	6450	5943	6460	18
27	0.004	6460	6441	5943	6459	27
36	0.005	6460	6429	5943	6460	36
45	0.006	6460	6429	5943	6460	44
54	0.008	6460	6414	5943	6460	52
63	0.009	6460	6411	5943	6460	61
72	0.01	6460	6406	5943	6459	70
81	0.012	6460	6406	5943	6460	79
90	0.013	6460	6398	5943	6455	87
99	0.014	6460	6396	5943	6457	96
108	0.016	6460	6393	5943	6459	105
117	0.017	6460	6378	5943	6457	114
126	0.019	6460	6367	5943	6456	123
135	0.02	6460	6375	5943	6454	132
144	0.021	6460	6366	5943	6455	139
153	0.022	6460	6345	5943	6455	148
162	0.024	6460	6338	5943	6453	157
171	0.025	6460	6331	5943	6459	166
180	0.027	6460	6328	5943	6454	175
189	0.028	6460	6339	5943	6454	184
198	0.029	6460	6319	5943	6454	193
207	0.03	6460	6317	5943	6455	200
216	0.032	6460	6310	5943	6456	209
225	0.033	6460	6310	5943	6455	218
234	0.034	6460	6302	5943	6453	225
243	0.036	6460	6284	5943	6455	234
252	0.037	6460	6281	5943	6450	243
261	0.039	6460	6271	5943	6455	252
270	0.04	6460	6264	5943	6448	261
280	0.041	6460	6247	5943	6447	271
289	0.043	6460	6242	5943	6455	279
298	0.044	6460	6243	5943	6451	287
307	0.045	6460	6239	5943	6451	295
316	0.046	6460	6234	5943	6452	303
325	0.048	6460	6230	5943	6454	311
334	0.049	6460	6198	5943	6449	319
343	0.05	6460	6204	5943	6451	328
352	0.051	6460	6193	5943	6454	335
361	0.053	6460	6202	5943	6447	344
370	0.054	6460	6191	5943	6446	351
379	0.055	6460	6182	5943	6450	360
388	0.057	6460	6166	5943	6445	369
397	0.058	6460	6168	5943	6454	378
406	0.059	6460	6150	5943	6448	387
415	0.061	6460	6156	5943	6448	396
424	0.062	6460	6138	5943	6450	403
433	0.063	6460	6130	5943	6447	411
442	0.065	6460	6128	5943	6448	420
451	0.066	6460	6129	5943	6445	429
460	0.067	6460	6140	5943	6451	438
469	0.069	6460	6121	5943	6449	447
478	0.07	6460	6118	5943	6448	456
487	0.071	6460	6106	5943	6446	464
496	0.072	6460	6090	5943	6443	471
505	0.074	6460	6084	5943	6443	480
514	0.075	6460	6092	5943	6442	488
523	0.076	6460	6050	5943	6448	496
532	0.077	6460	6081	5943	6447	502
541	0.079	6460	6072	5943	6446	511
551	0.08	6460	6041	5943	6438	521
560	0.081	6460	6052	5943	6447	527
569	0.082	6460	6061	5943	6445	535
578	0.083	6460	6030	5943	6443	542
587	0.084	6460	6031	5943	6444	549
596	0.086	6460	6031	5943	6445	557
605	0.087	6460	6021	5943	6444	564
614	0.088	6460	6003	5943	6447	570
623	0.089	6460	5999	5943	6449	577
632	0.09	6460	5986	5943	6446	585
641	0.091	6460	6005	5943	6440	593
650	0.093	6460	5986	5943	6436	602
659	0.094	6460	5981	5943	6445	610
668	0.095	6460	5974	5943	6440	618
677	0.096	6460	5989	5943	6440	626
686	0.098	6460	5977	5943	6438	634
695	0.099	6460	5953	5943	6443	642
704	0.1	6460	5938	5943	6441	651
713	0.102	6460	5950	5943	6438	660
722	0.103	6460	5930	5943	6431	669
731	0.104	6460	5926	5943	6437	677
740	0.105	6460	5937	5943	6442	684
749	0.107	6460	5932	5943	6438	693
758	0.108	6460	5937	5943	6439	702
767	0.109	6460	5903	5943	6443	710
776	0.111	6460	5906	5943	6446	718
785	0.112	6460	5888	5943	6446	726
794	0.113	6460	5891	5943	6439	733
803	0.114	6460	5865	5943	6441	742
812	0.116	6460	5872	5943	6443	750
822	0.117	6460	5861	5943	6441	759
831	0.118	6460	5852	5943	6434	767
840	0.119	6460	5850	5943	6440	773
849	0.12	6460	5825	5943	6442	781
858	0.122	6460	5818	5943	6434	790
867	0.123	6460	5834	5943	6435	797
876	0.124	6460	5821	5943	6437	806
885	0.126	6460	5847	5943	6444	814
894	0.127	6460	5829	5943	6446	823
903	0.128	6460	5814	5943	6429	830
912	0.129	6460	5807	5943	6432	838
921	0.13	6460	5809	5943	6433	846
930	0.132	6460	5764	5943	6437	853
939	0.133	6460	5782	5943	6433	861
948	0.134	6460	5746	5943	6433	869
957	0.135	6460	5748	5943	6432	877
966	0.136	6460	5775	5943	6432	885
975	0.138	6460	5737	5943	6434	892
984	0.139	6460	5728	5943	6422	898
993	0.14	6460	5741	5943	6430	905
1002	0.141	6460	5748	5943	6431	911
1011	0.142	6460	5733	5943	6436	920
1020	0.143	6460	5724	5943	6435	929
1029	0.144	6460	5710	5943	6433	936
1038	0.145	6460	5709	5943	6429	943
1047	0.147	6460	5723	5943	6433	951
1056	0.148	6460	5712	5943	6430	959
1065	0.149	6460	5685	5943	6428	967
1074	0.15	6460	5671	5943	6427	974
1083	0.151	6460	5671	5943	6433	981
1092	0.153	6460	5649	5943	6426	989
1102	0.154	6460	5671	5943	6418	996
1111	0.155	6460	5652	5943	6434	1003
1120	0.156	6460	5646	5943	6432	1011
1129	0.157	6460	5637	5943	6433	1020
1138	0.159	6460	5606	5943	6421	1028
1147	0.16	6460	5637	5943	6424	1035
1156	0.161	6460	5618	5943	6424	1043
1165	0.162	6460	5597	5943	6424	1051
1174	0.163	6460	5643	5943	6427	1056
1183	0.164	6460	5603	5943	6430	1061
1192	0.165	6460	5595	5943	6429	1069
1201	0.166	6460	5583	5943	6430	1076
1210	0.167	6460	5590	5943	6427	1084
1219	0.169	6460	5573	5943	6422	1093
1228	0.17	6460	5581	5943	6428	1101
1237	0.171	6460	5558	5943	6419	1110
1246	0.173	6460	5575	5943	6424	1118
1255	0.174	6460	5504	5943	6426	1127
1264	0.175	6460	5539	5943	6421	1134
1273	0.176	6460	5543	5943	6423	1141
1282	0.178	6460	5523	5943	6428	1150
1291	0.178	6460	5531	5943	6419	1155
1300	0.18	6460	5501	5943	6430	1163
1309	0.181	6460	5518	5943	6426	1172
1318	0.182	6460	5469	5943	6424	1180
1327	0.183	6460	5496	5943	6426	1185
1336	0.184	6460	5487	5943	6424	1190
1345	0.185	6460	5495	5943	6423	1198
1354	0.186	6460	5451	5943	6419	1207
1363	0.187	6460	5467	5943	6423	1214
1373	0.189	6460	5433	5943	6419	1223
1382	0.19	6460	5452	5943	6420	1230
1391	0.191	6460	5436	5943	6413	1238
1400	0.192	6460	5439	5943	6421	1246
1409	0.193	6460	5438	5943	6421	1251
1418	0.194	6460	5455	5943	6412	1258
1427	0.196	6460	5422	5943	6417	1267
1436	0.197	6460	5394	5943	6426	1274
1445	0.198	6460	5419	5943	6422	1281
1454	0.199	6460	5396	5943	6414	1288
1463	0.2	6460	5441	5943	6424	1295
1472	0.201	6460	5397	5943	6418	1303
1481	0.202	6460	5390	5943	6415	1310
1490	0.203	6460	5374	5943	6428	1317
1499	0.204	6460	5368	5943	6426	1324
1508	0.205	6460	5354	5943	6414	1330
1517	0.207	6460	5358	5943	6411	1338
1526	0.208	6460	5355	5943	6425	1345
1535	0.209	6460	5357	5943	6419	1351
1544	0.21	6460	5317	5943	6416	1359
1553	0.211	6460	5370	5943	6415	1364
1562	0.212	6460	5327	5943	6407	1373
1571	0.213	6460	5325	5943	6411	1381
1580	0.215	6460	5307	5943	6406	1389
1589	0.216	6460	5321	5943	6410	1396
1598	0.217	6460	5318	5943	6408	1404
1607	0.218	6460	5300	5943	6417	1412
1616	0.219	6460	5325	5943	6426	1420
1625	0.22	6460	5284	5943	6416	1426
1634	0.221	6460	5254	5943	6410	1434
1644	0.223	6460	5247	5943	6416	1444
1653	0.224	6460	5237	5943	6412	1449
1662	0.225	6460	5250	5943	6411	1456
1671	0.226	6460	5260	5943	6413	1465
1680	0.227	6460	5256	5943	6412	1472
1689	0.229	6460	5216	5943	6418	1480
1698	0.23	6460	5245	5943	6415	1488
1707	0.231	6460	5213	5943	6418	1496
1716	0.232	6460	5216	5943	6396	1504
1725	0.234	6460	5229	5943	6405	1513
1734	0.235	6460	5211	5943	6407	1519
1743	0.236	6460	5197	5943	6404	1528
1752	0.237	6460	5192	5943	6410	1534
1761	0.238	6460	5202	5943	6414	1542
1770	0.239	6460	5170	5943	6416	1550
1779	0.24	6460	5170	5943	6416	1555
1788	0.241	6460	5143	5943	6406	1563
1797	0.242	6460	5182	5943	6413	1569
1806	0.243	6460	5144	5943	6406	1576
1815	0.244	6460	5159	5943	6410	1580
1824	0.245	6460	5157	5943	6412	1583
1833	0.246	6460	5148	5943	6408	1591
1842	0.247	6460	5125	5943	6407	1598
1851	0.248	6460	5100	5943	6414	1605
1860	0.249	6460	5107	5943	6407	1610
1869	0.25	6460	5087	5943	6404	1618
1878	0.251	6460	5117	5943	6410	1626
1887	0.252	6460	5102	5943	6409	1632
1896	0.253	6460	5111	5943	6410	1640
1905	0.255	6460	5071	5943	6402	1648
1914	0.256	6460	5068	5943	6400	1654
1924	0.257	6460	5051	5943	6408	1662
1933	0.258	6460	5077	5943	6419	1669
1942	0.259	6460	5080	5943	6400	1676
1951	0.26	6460	5062	5943	6416	1684
1960	0.261	6460	5048	5943	6404	1691
1969	0.262	6460	5044	5943	6409	1696
1978	0.263	6460	5061	5943	6403	1703
1987	0.264	6460	4999	5943	6394	1711
1996	0.266	6460	4983	5943	6407	1720
2005	0.267	6460	5027	5943	6408	1727
2014	0.268	6460	5013	5943	6396	1734
2023	0.269	6460	5027	5943	6404	1742
2032	0.27	6460	5029	5943	6404	1749
2041	0.272	6460	4978	5943	6401	1758
2050	0.273	6460	5005	5943	6409	1766
2059	0.274	6460	4951	5943	6392	1774
2068	0.275	6460	4964	5943	6393	1781
2077	0.276	6460	4956	5943	6400	1788
2086	0.277	6460	4981	5943	6409	1795
2095	0.279	6460	4981	5943	6409	1804
2104	0.28	6460	4946	5943	6410	1812
2113	0.281	6460	4936	5943	6397	1817
2122	0.282	6460	4934	5943	6403	1825
2131	0.283	6460	4927	5943	6402	1833
2140	0.284	6460	4944	5943	6403	1840
2149	0.286	6460	4938	5943	6400	1848
2158	0.286	6460	4932	5943	6413	1853
2167	0.287	6460	4885	5943	6392	1860
2176	0.289	6460	4881	5943	6399	1868
2185	0.29	6460	4863	5943	6409	1876
2195	0.291	6460	4856	5943	6393	1883
2204	0.292	6460	4892	5943	6400	1890
2213	0.293	6460	4862	5943	6389	1898
2222	0.294	6460	4876	5943	6409	1904
2231	0.295	6460	4878	5943	6402	1912
2240	0.297	6460	4860	5943	6390	1919
2249	0.298	6460	4846	5943	6401	1927
2258	0.299	6460	4852	5943	6393	1933
2267	0.3	6460	4843	5943	6400	1940
2276	0.301	6460	4837	5943	6395	1948
2285	0.302	6460	4835	5943	6391	1956
2294	0.304	6460	4806	5943	6405	1965
2303	0.305	6460	4792	5943	6396	1971
2312	0.305	6460	4791	5943	6397	1975
2321	0.307	6460	4792	5943	6394	1984
2330	0.308	6460	4800	5943	6399	1991
2339	0.309	6460	4743	5943	6401	1998
2348	0.31	6460	4771	5943	6392	2005
2357	0.311	6460	4749	5943	6392	2012
2366	0.312	6460	4781	5943	6400	2019
2375	0.313	6460	4747	5943	6394	2027
2384	0.314	6460	4728	5943	6396	2034
2393	0.316	6460	4720	5943	6399	2042
2402	0.317	6460	4742	5943	6390	2051
2411	0.318	6460	4746	5943	6389	2057
2420	0.319	6460	4727	5943	6396	2062
2429	0.319	6460	4711	5943	6396	2066
2438	0.32	6460	4727	5943	6392	2072
2447	0.322	6460	4705	5943	6387	2081
2456	0.323	6460	4678	5943	6401	2087
2466	0.324	6460	4695	5943	6389	2094
2475	0.325	6460	4698	5943	6387	2102
2484	0.326	6460	4710	5943	6401	2109
2493	0.327	6460	4662	5943	6385	2115
2502	0.328	6460	4617	5943	6391	2123
2511	0.329	6460	4661	5943	6393	2130
2520	0.33	6460	4644	5943	6393	2138
2529	0.332	6460	4632	5943	6388	2147
2538	0.333	6460	4626	5943	6384	2155
2547	0.334	6460	4607	5943	6391	2163
2556	0.335	6460	4624	5943	6387	2167
2565	0.336	6460	4630	5943	6394	2174
2574	0.337	6460	4629	5943	6385	2181
2583	0.338	6460	4622	5943	6387	2187
2592	0.339	6460	4589	5943	6383	2191
2601	0.34	6460	4607	5943	6395	2198
2610	0.341	6460	4593	5943	6383	2207
2619	0.342	6460	4591	5943	6386	2215
2628	0.343	6460	4568	5943	6393	2222
2637	0.345	6460	4598	5943	6392	2229
2646	0.346	6460	4551	5943	6381	2236
2655	0.347	6460	4516	5943	6381	2244
2664	0.348	6460	4546	5943	6386	2250
2673	0.349	6460	4567	5943	6390	2257
2682	0.35	6460	4526	5943	6394	2265
2691	0.351	6460	4534	5943	6396	2270
2700	0.352	6460	4523	5943	6387	2277
2709	0.353	6460	4528	5943	6386	2283
2718	0.354	6460	4502	5943	6377	2287
2727	0.355	6460	4496	5943	6387	2294
2736	0.356	6460	4482	5943	6382	2302
2746	0.357	6460	4448	5943	6379	2310
2755	0.358	6460	4448	5943	6386	2318
2764	0.359	6460	4456	5943	6381	2325
2773	0.361	6460	4491	5943	6376	2334
2782	0.362	6460	4454	5943	6364	2343
2791	0.363	6460	4434	5943	6377	2350
2800	0.364	6460	4426	5943	6376	2357
2809	0.365	6460	4449	5943	6381	2361
2818	0.366	6460	4402	5943	6377	2368
2827	0.367	6460	4427	5943	6384	2375
2836	0.368	6460	4448	5943	6378	2383
2845	0.369	6460	4410	5943	6381	2389
2854	0.371	6460	4410	5943	6383	2397
2863	0.371	6460	4396	5943	6372	2403
2872	0.372	6460	4397	5943	6373	2409
2881	0.373	6460	4381	5943	6376	2414
2890	0.374	6460	4350	5943	6383	2422
2899	0.376	6460	4410	5943	6375	2429
2908	0.376	6460	4394	5943	6376	2435
2917	0.378	6460	4367	5943	6378	2443
2926	0.379	6460	4335	5943	6374	2450
2935	0.38	6460	4340	5943	6381	2455
2944	0.381	6460	4366	5943	6371	2462
2953	0.382	6460	4353	5943	6370	2469
2962	0.383	6460	4330	5943	6383	2478
2971	0.384	6460	4307	5943	6381	2485
2980	0.385	6460	4326	5943	6358	2489
2989	0.386	6460	4313	5943	6390	2497
2998	0.387	6460	4305	5943	6381	2505
3007	0.388	6460	4313	5943	6380	2509
3017	0.389	6460	4266	5943	6380	2516
3026	0.39	6460	4275	5943	6368	2522
3035	0.391	6460	4279	5943	6375	2530
3044	0.392	6460	4271	5943	6377	2537
3053	0.393	6460	4253	5943	6375	2543
3062	0.394	6460	4219	5943	6373	2548
3071	0.395	6460	4258	5943	6373	2554
3080	0.396	6460	4210	5943	6357	2562
3089	0.397	6460	4201	5943	6374	2567
3098	0.398	6460	4244	5943	6376	2573
3107	0.399	6460	4231	5943	6368	2580
3116	0.4	6460	4226	5943	6374	2587
3125	0.401	6460	4210	5943	6376	2593
3134	0.402	6460	4187	5943	6375	2600
3143	0.403	6460	4157	5943	6373	2606
3152	0.404	6460	4170	5943	6358	2612
3161	0.405	6460	4176	5943	6363	2619
3170	0.406	6460	4197	5943	6379	2624
3179	0.407	6460	4170	5943	6360	2632
3188	0.408	6460	4163	5943	6360	2638
3197	0.409	6460	4121	5943	6365	2646
3206	0.41	6460	4153	5943	6367	2653
3215	0.411	6460	4126	5943	6367	2660
3224	0.412	6460	4121	5943	6362	2665
3233	0.413	6460	4130	5943	6368	2674
3242	0.414	6460	4124	5943	6367	2680
3251	0.415	6460	4135	5943	6355	2685
3260	0.416	6460	4081	5943	6367	2693
3269	0.418	6460	4126	5943	6368	2701
3278	0.419	6460	4132	5943	6375	2708
3288	0.42	6460	4045	5943	6367	2718
3297	0.422	6460	4088	5943	6364	2727
3306	0.422	6460	4081	5943	6362	2732
3315	0.423	6460	4068	5943	6369	2738
3324	0.425	6460	4040	5943	6368	2746
3333	0.425	6460	4063	5943	6363	2751
3342	0.427	6460	4010	5943	6365	2759
3351	0.427	6460	4040	5943	6363	2763
3360	0.428	6460	4048	5943	6349	2771
3369	0.43	6460	4004	5943	6368	2778
3378	0.43	6460	4043	5943	6360	2784
3387	0.431	6460	4016	5943	6361	2790
3396	0.432	6460	3999	5943	6361	2795
3405	0.433	6460	4018	5943	6362	2803
3414	0.435	6460	4034	5943	6364	2811
3423	0.436	6460	4003	5943	6363	2818
3432	0.437	6460	3988	5943	6362	2825
3441	0.438	6460	3983	5943	6363	2833
3450	0.439	6460	3985	5943	6355	2838
3459	0.44	6460	3983	5943	6356	2844
3468	0.441	6460	3971	5943	6357	2852
3477	0.442	6460	3980	5943	6348	2859
3486	0.443	6460	3975	5943	6364	2864
3495	0.444	6460	3968	5943	6363	2871
3504	0.445	6460	3948	5943	6355	2879
3513	0.446	6460	3950	5943	6352	2886
3522	0.447	6460	3928	5943	6364	2894
3531	0.448	6460	3893	5943	6360	2898
3540	0.449	6460	3934	5943	6367	2905
3549	0.45	6460	3943	5943	6363	2912
3559	0.452	6460	3902	5943	6362	2920
3568	0.452	6460	3893	5943	6352	2924
3577	0.453	6460	3905	5943	6369	2930
3586	0.454	6460	3906	5943	6349	2937
3595	0.455	6460	3875	5943	6362	2944
3604	0.456	6460	3905	5943	6366	2952
3613	0.457	6460	3888	5943	6360	2957
3622	0.458	6460	3846	5943	6352	2964
3631	0.459	6460	3853	5943	6359	2971
3640	0.46	6460	3825	5943	6358	2978
3649	0.462	6460	3850	5943	6349	2985
3658	0.462	6460	3817	5943	6349	2990
3667	0.464	6460	3846	5943	6354	2998
3676	0.465	6460	3836	5943	6351	3006
3685	0.466	6460	3835	5943	6354	3011
3694	0.466	6460	3770	5943	6356	3016
3703	0.467	6460	3798	5943	6354	3021
3712	0.468	6460	3775	5943	6355	3028
3721	0.469	6460	3773	5943	6353	3031
3730	0.47	6460	3745	5943	6362	3039
3739	0.471	6460	3786	5943	6347	3047
3748	0.472	6460	3749	5943	6359	3052
3757	0.473	6460	3790	5943	6349	3059
3766	0.474	6460	3747	5943	6364	3066
3775	0.475	6460	3747	5943	6355	3072
3784	0.476	6460	3743	5943	6348	3078
3793	0.477	6460	3772	5943	6354	3085
3802	0.478	6460	3734	5943	6348	3091
3811	0.479	6460	3710	5943	6359	3099
3820	0.48	6460	3725	5943	6339	3105
3829	0.481	6460	3711	5943	6343	3112
3839	0.482	6460	3685	5943	6348	3119
3848	0.483	6460	3712	5943	6353	3125
3857	0.484	6460	3705	5943	6335	3133
3866	0.486	6460	3699	5943	6342	3141
3875	0.487	6460	3705	5943	6355	3147
3884	0.487	6460	3636	5943	6347	3151
3893	0.488	6460	3678	5943	6346	3158
3902	0.489	6460	3655	5943	6356	3164
3911	0.49	6460	3672	5943	6355	3168
3920	0.491	6460	3649	5943	6352	3175
3929	0.492	6460	3660	5943	6350	3181
3938	0.493	6460	3603	5943	6338	3188
3947	0.494	6460	3646	5943	6349	3196
3956	0.495	6460	3647	5943	6338	3203
3965	0.496	6460	3643	5943	6348	3208
3974	0.497	6460	3639	5943	6344	3213
3983	0.498	6460	3628	5943	6345	3220
3992	0.499	6460	3628	5943	6350	3225
4001	0.5	6460	3567	5943	6332	3231
4010	0.501	6460	3578	5943	6342	3237
4019	0.502	6460	3571	5943	6352	3244
4028	0.503	6460	3557	5943	6350	3252
4037	0.504	6460	3566	5943	6348	3257
4046	0.505	6460	3563	5943	6354	3263
4055	0.506	6460	3516	5943	6338	3269
4064	0.507	6460	3526	5943	6336	3276
4073	0.508	6460	3541	5943	6344	3282
4082	0.509	6460	3501	5943	6332	3290
4091	0.51	6460	3564	5943	6337	3297
4100	0.511	6460	3540	5943	6355	3303
4110	0.512	6460	3501	5943	6337	3309
4119	0.513	6460	3518	5943	6342	3315
4128	0.513	6460	3518	5943	6349	3320
4137	0.514	6460	3522	5943	6341	3326
4146	0.515	6460	3486	5943	6336	3332
4155	0.516	6460	3488	5943	6343	3339
4164	0.517	6460	3464	5943	6337	3344
4173	0.518	6460	3487	5943	6348	3349
4182	0.519	6460	3427	5943	6355	3355
4191	0.52	6460	3482	5943	6339	3363
4200	0.521	6460	3431	5943	6333	3368
4209	0.522	6460	3442	5943	6350	3376
4218	0.523	6460	3409	5943	6332	3382
4227	0.524	6460	3437	5943	6343	3387
4236	0.525	6460	3422	5943	6344	3394
4245	0.526	6460	3429	5943	6342	3402
4254	0.527	6460	3425	5943	6343	3408
4263	0.528	6460	3387	5943	6338	3415
4272	0.529	6460	3385	5943	6330	3421
4281	0.53	6460	3371	5943	6334	3427
4290	0.531	6460	3403	5943	6348	3434
4299	0.532	6460	3369	5943	6340	3443
4308	0.534	6460	3340	5943	6345	3450
4317	0.534	6460	3348	5943	6324	3456
4326	0.535	6460	3374	5943	6337	3461
4335	0.536	6460	3372	5943	6335	3467
4344	0.537	6460	3312	5943	6327	3472
4353	0.538	6460	3290	5943	6330	3476
4362	0.539	6460	3320	5943	6332	3482
4371	0.54	6460	3331	5943	6329	3490
4381	0.541	6460	3319	5943	6338	3495
4390	0.542	6460	3299	5943	6329	3503
4399	0.543	6460	3320	5943	6335	3510
4408	0.544	6460	3310	5943	6335	3519
4417	0.545	6460	3261	5943	6327	3525
4426	0.546	6460	3245	5943	6321	3531
4435	0.547	6460	3261	5943	6335	3540
4444	0.548	6460	3267	5943	6336	3545
4453	0.549	6460	3257	5943	6341	3550
4462	0.55	6460	3304	5943	6339	3556
4471	0.55	6460	3268	5943	6333	3559
4480	0.551	6460	3235	5943	6331	3564
4489	0.552	6460	3268	5943	6320	3569
4498	0.553	6460	3227	5943	6336	3575
4507	0.554	6460	3230	5943	6329	3579
4516	0.555	6460	3227	5943	6339	3587
4525	0.556	6460	3224	5943	6321	3594
4534	0.556	6460	3228	5943	6325	3598
4543	0.558	6460	3214	5943	6340	3605
4552	0.559	6460	3190	5943	6338	3614
4561	0.56	6460	3172	5943	6323	3619
4570	0.56	6460	3203	5943	6327	3624
4579	0.561	6460	3191	5943	6324	3630
4588	0.562	6460	3176	5943	6330	3636
4597	0.564	6460	3213	5943	6320	3644
4606	0.564	6460	3161	5943	6334	3648
4615	0.565	6460	3152	5943	6328	3653
4624	0.566	6460	3138	5943	6314	3659
4633	0.567	6460	3148	5943	6326	3664
4642	0.567	6460	3118	5943	6321	3669
4651	0.568	6460	3140	5943	6332	3675
4661	0.569	6460	3132	5943	6310	3681
4670	0.571	6460	3107	5943	6321	3689
4679	0.572	6460	3098	5943	6329	3696
4688	0.573	6460	3080	5943	6315	3703
4697	0.573	6460	3102	5943	6319	3708
4706	0.574	6460	3070	5943	6336	3711
4715	0.575	6460	3049	5943	6321	3718
4724	0.576	6460	3076	5943	6317	3724
4733	0.577	6460	3041	5943	6331	3732
4742	0.578	6460	3067	5943	6319	3738
4751	0.579	6460	3032	5943	6328	3745
4760	0.58	6460	3030	5943	6314	3751
4769	0.581	6460	3041	5943	6319	3755
4778	0.581	6460	3056	5943	6343	3758
4787	0.582	6460	3052	5943	6316	3763
4796	0.582	6460	3067	5943	6320	3766
4805	0.584	6460	3012	5943	6308	3773
4814	0.584	6460	3027	5943	6332	3778
4823	0.585	6460	2977	5943	6317	3785
4832	0.586	6460	2953	5943	6326	3791
4841	0.588	6460	2980	5943	6316	3799
4850	0.588	6460	2957	5943	6318	3803
4859	0.589	6460	2982	5943	6317	3809
4868	0.59	6460	2931	5943	6324	3816
4877	0.591	6460	3024	5943	6315	3822
4886	0.592	6460	2929	5943	6302	3826
4895	0.593	6460	2954	5943	6312	3831
4904	0.594	6460	2956	5943	6302	3839
4913	0.595	6460	2914	5943	6308	3847
4922	0.596	6460	2900	5943	6328	3854
4932	0.597	6460	2927	5943	6307	3860
4941	0.598	6460	2899	5943	6324	3864
4950	0.599	6460	2891	5943	6311	3871
4959	0.6	6460	2928	5943	6306	3876
4968	0.6	6460	2894	5943	6317	3879
4977	0.601	6460	2864	5943	6326	3886
4986	0.602	6460	2881	5943	6298	3891
4995	0.603	6460	2887	5943	6323	3898
5004	0.604	6460	2860	5943	6316	3904
5013	0.605	6460	2923	5943	6320	3910
5022	0.606	6460	2841	5943	6302	3916
5031	0.607	6460	2838	5943	6313	3922
5040	0.608	6460	2873	5943	6314	3928
5049	0.609	6460	2811	5943	6313	3935
5058	0.61	6460	2824	5943	6300	3941
5067	0.611	6460	2779	5943	6297	3948
5076	0.611	6460	2825	5943	6312	3952
5085	0.612	6460	2812	5943	6307	3959
5094	0.613	6460	2797	5943	6319	3965
5103	0.614	6460	2802	5943	6311	3971
5112	0.615	6460	2845	5943	6312	3976
5121	0.616	6460	2812	5943	6327	3981
5130	0.617	6460	2779	5943	6322	3986
5139	0.617	6460	2768	5943	6302	3991
5148	0.618	6460	2748	5943	6320	3995
5157	0.619	6460	2760	5943	6299	4003
5166	0.621	6460	2743	5943	6311	4012
5175	0.621	6460	2744	5943	6310	4017
5184	0.622	6460	2762	5943	6312	4023
5193	0.623	6460	2724	5943	6314	4030
5203	0.624	6460	2704	5943	6304	4035
5212	0.625	6460	2728	5943	6303	4040
5221	0.626	6460	2739	5943	6299	4047
5230	0.627	6460	2717	5943	6303	4056
5239	0.628	6460	2704	5943	6308	4061
5248	0.63	6460	2646	5943	6304	4070
5257	0.63	6460	2676	5943	6302	4075
5266	0.632	6460	2663	5943	6311	4083
5275	0.633	6460	2693	5943	6308	4090
5284	0.634	6460	2652	5943	6308	4097
5293	0.635	6460	2663	5943	6310	4103
5302	0.636	6460	2654	5943	6304	4110
5311	0.637	6460	2633	5943	6312	4116
5320	0.638	6460	2649	5943	6315	4123
5329	0.639	6460	2621	5943	6307	4128
5338	0.639	6460	2620	5943	6320	4133
5347	0.64	6460	2590	5943	6314	4140
5356	0.641	6460	2635	5943	6310	4147
5365	0.642	6460	2592	5943	6291	4152
5374	0.643	6460	2605	5943	6311	4158
5383	0.644	6460	2597	5943	6312	4165
5392	0.645	6460	2587	5943	6307	4172
5401	0.646	6460	2583	5943	6309	4177
5410	0.647	6460	2580	5943	6318	4184
5419	0.648	6460	2586	5943	6311	4190
5428	0.649	6460	2580	5943	6300	4196
5437	0.65	6460	2565	5943	6312	4200
5446	0.651	6460	2578	5943	6298	4207
5455	0.652	6460	2500	5943	6301	4214
5464	0.653	6460	2541	5943	6307	4220
5473	0.653	6460	2535	5943	6298	4223
5483	0.654	6460	2538	5943	6312	4231
5492	0.656	6460	2497	5943	6303	4238
5501	0.656	6460	2521	5943	6293	4244
5510	0.657	6460	2509	5943	6311	4248
5519	0.658	6460	2465	5943	6286	4254
5528	0.659	6460	2529	5943	6308	4259
5537	0.66	6460	2466	5943	6290	4267
5546	0.661	6460	2487	5943	6306	4275
5555	0.662	6460	2448	5943	6292	4282
5564	0.663	6460	2488	5943	6302	4288
5573	0.664	6460	2443	5943	6303	4295
5582	0.665	6460	2461	5943	6310	4298
5591	0.666	6460	2462	5943	6306	4304
5600	0.667	6460	2474	5943	6301	4309
5609	0.668	6460	2440	5943	6299	4317
5618	0.669	6460	2476	5943	6304	4322
5627	0.669	6460	2368	5943	6301	4328
5636	0.671	6460	2426	5943	6300	4336
5645	0.671	6460	2433	5943	6302	4340
5654	0.672	6460	2389	5943	6303	4347
5663	0.673	6460	2386	5943	6302	4354
5672	0.674	6460	2407	5943	6295	4359
5681	0.676	6460	2364	5943	6290	4367
5690	0.676	6460	2389	5943	6296	4373
5699	0.678	6460	2329	5943	6297	4381
5708	0.679	6460	2369	5943	6285	4387
5717	0.679	6460	2355	5943	6298	4392
5726	0.68	6460	2320	5943	6293	4398
5735	0.681	6460	2334	5943	6300	4405
5744	0.682	6460	2326	5943	6296	4410
5754	0.683	6460	2308	5943	6302	4416
5763	0.684	6460	2375	5943	6298	4423
5772	0.685	6460	2322	5943	6308	4427
5781	0.686	6460	2294	5943	6307	4432
5790	0.687	6460	2281	5943	6294	4440
5799	0.688	6460	2291	5943	6290	4446
5808	0.689	6460	2298	5943	6304	4451
5817	0.689	6460	2308	5943	6283	4456
5826	0.69	6460	2238	5943	6298	4462
5835	0.691	6460	2316	5943	6298	4469
5844	0.692	6460	2296	5943	6290	4476
5853	0.694	6460	2265	5943	6297	4484
5862	0.694	6460	2262	5943	6301	4488
5871	0.695	6460	2265	5943	6295	4492
5880	0.696	6460	2271	5943	6289	4500
5889	0.697	6460	2227	5943	6282	4506
5898	0.698	6460	2200	5943	6302	4513
5907	0.699	6460	2196	5943	6283	4519
5916	0.7	6460	2189	5943	6290	4524
5925	0.701	6460	2206	5943	6286	4532
5934	0.702	6460	2240	5943	6293	4537
5943	0.702	6460	2208	5943	6290	4541
5952	0.704	6460	2212	5943	6283	4549
5961	0.705	6460	2189	5943	6300	4556
5970	0.706	6460	2178	5943	6286	4563
5979	0.706	6460	2203	5943	6288	4567
5988	0.707	6460	2138	5943	6280	4569
5997	0.708	6460	2177	5943	6285	4574
6006	0.708	6460	2179	5943	6305	4580
6015	0.709	6460	2129	5943	6284	4586
6025	0.71	6460	2147	5943	6295	4592
6034	0.711	6460	2126	5943	6284	4598
6043	0.712	6460	2134	5943	6282	4603
6052	0.713	6460	2117	5943	6277	4612
6061	0.714	6460	2103	5943	6287	4618
6070	0.715	6460	2104	5943	6286	4625
6079	0.716	6460	2091	5943	6286	4629
6088	0.717	6460	2124	5943	6283	4635
6097	0.718	6460	2107	5943	6291	4641
6106	0.719	6460	2094	5943	6279	4646
6115	0.72	6460	2056	5943	6272	4653
6124	0.72	6460	2086	5943	6296	4657
6133	0.721	6460	2067	5943	6278	4660
6142	0.722	6460	2015	5943	6287	4667
6151	0.723	6460	2044	5943	6272	4672
6160	0.724	6460	2044	5943	6293	4679
6169	0.725	6460	1996	5943	6298	4685
6178	0.726	6460	2026	5943	6280	4691
6187	0.727	6460	2018	5943	6292	4698
6196	0.728	6460	2016	5943	6281	4706
6205	0.729	6460	1986	5943	6282	4712
6214	0.73	6460	1991	5943	6277	4717
6223	0.731	6460	2032	5943	6283	4724
6232	0.732	6460	2026	5943	6281	4730
6241	0.732	6460	1983	5943	6292	4734
6250	0.733	6460	2042	5943	6285	4739
6259	0.734	6460	1988	5943	6284	4747
6268	0.735	6460	1955	5943	6278	4753
6277	0.736	6460	1965	5943	6289	4759
6286	0.738	6460	1983	5943	6277	4768
6296	0.738	6460	1925	5943	6285	4773
6305	0.739	6460	1892	5943	6291	4778
6314	0.74	6460	1916	5943	6276	4785
6323	0.741	6460	1890	5943	6271	4791
6332	0.742	6460	1886	5943	6273	4796
6341	0.743	6460	1925	5943	6269	4802
6350	0.744	6460	1896	5943	6272	4808
6359	0.745	6460	1882	5943	6275	4815
6368	0.746	6460	1932	5943	6283	4823
6377	0.747	6460	1901	5943	6281	4828
6386	0.747	6460	1907	5943	6278	4832
6395	0.748	6460	1857	5943	6284	4838
6404	0.75	6460	1870	5943	6284	4845
6413	0.75	6460	1869	5943	6276	4851
6422	0.752	6460	1873	5943	6280	4858
6431	0.752	6460	1856	5943	6278	4862
6440	0.753	6460	1859	5943	6275	4869
6449	0.754	6460	1820	5943	6274	4875
6458	0.755	6460	1865	5943	6272	4879
6467	0.755	6460	1830	5943	6286	4883
6476	0.756	6460	1858	5943	6275	4889
6485	0.757	6460	1821	5943	6292	4895
6494	0.758	6460	1802	5943	6273	4901
6503	0.759	6460	1765	5943	6284	4906
6512	0.76	6460	1801	5943	6284	4912
6521	0.76	6460	1794	5943	6280	4916
6530	0.761	6460	1775	5943	6271	4918
6539	0.762	6460	1763	5943	6278	4925
6548	0.763	6460	1765	5943	6278	4933
6557	0.764	6460	1794	5943	6275	4940
6566	0.765	6460	1766	5943	6284	4946
6576	0.766	6460	1756	5943	6270	4952
6585	0.767	6460	1724	5943	6291	4958
6594	0.768	6460	1732	5943	6281	4965
6603	0.769	6460	1746	5943	6276	4972
6612	0.77	6460	1734	5943	6278	4978
6621	0.771	6460	1739	5943	6277	4985
6630	0.772	6460	1690	5943	6270	4990
6639	0.772	6460	1692	5943	6274	4993
6648	0.773	6460	1708	5943	6279	5000
6657	0.774	6460	1696	5943	6269	5004
6666	0.775	6460	1670	5943	6278	5009
6675	0.776	6460	1671	5943	6269	5016
6684	0.777	6460	1681	5943	6274	5022
6693	0.778	6460	1648	5943	6268	5028
6702	0.779	6460	1637	5943	6282	5035
6711	0.78	6460	1677	5943	6270	5039
6720	0.78	6460	1629	5943	6271	5045
6729	0.782	6460	1627	5943	6267	5052
6738	0.782	6460	1610	5943	6258	5056
6747	0.783	6460	1611	5943	6275	5061
6756	0.784	6460	1611	5943	6263	5068
6765	0.785	6460	1567	5943	6265	5072
6774	0.785	6460	1620	5943	6265	5076
6783	0.786	6460	1614	5943	6265	5082
6792	0.787	6460	1601	5943	6266	5085
6801	0.787	6460	1574	5943	6256	5089
6810	0.788	6460	1585	5943	6274	5096
6819	0.789	6460	1571	5943	6269	5102
6828	0.79	6460	1574	5943	6265	5107
6837	0.791	6460	1570	5943	6253	5110
6847	0.791	6460	1521	5943	6251	5116
6856	0.792	6460	1529	5943	6263	5121
6865	0.793	6460	1529	5943	6252	5128
6874	0.794	6460	1530	5943	6263	5134
6883	0.795	6460	1532	5943	6264	5139
6892	0.796	6460	1527	5943	6268	5145
6901	0.797	6460	1507	5943	6266	5153
6910	0.798	6460	1544	5943	6271	5157
6919	0.799	6460	1517	5943	6260	5163
6928	0.8	6460	1492	5943	6272	5170
6937	0.8	6460	1507	5943	6276	5174
6946	0.802	6460	1507	5943	6263	5181
6955	0.803	6460	1493	5943	6273	5188
6964	0.804	6460	1466	5943	6264	5194
6973	0.804	6460	1437	5943	6268	5200
6982	0.806	6460	1457	5943	6263	5208
6991	0.806	6460	1471	5943	6254	5213
7000	0.808	6460	1449	5943	6264	5220
7009	0.808	6460	1412	5943	6260	5225
7018	0.809	6460	1417	5943	6276	5232
7027	0.81	6460	1429	5943	6265	5236
7036	0.811	6460	1412	5943	6261	5240
7045	0.811	6460	1373	5943	6270	5244
7054	0.812	6460	1395	5943	6265	5248
7063	0.813	6460	1373	5943	6260	5255
7072	0.814	6460	1403	5943	6262	5263
7081	0.815	6460	1381	5943	6268	5269
7090	0.816	6460	1376	5943	6260	5276
7099	0.817	6460	1381	5943	6259	5281
7108	0.818	6460	1346	5943	6260	5285
7118	0.819	6460	1367	5943	6263	5292
7127	0.819	6460	1340	5943	6245	5297
7136	0.821	6460	1344	5943	6257	5304
7145	0.821	6460	1324	5943	6265	5309
7154	0.822	6460	1308	5943	6259	5315
7163	0.823	6460	1331	5943	6256	5321
7172	0.824	6460	1337	5943	6256	5325
7181	0.825	6460	1347	5943	6254	5332
7190	0.826	6460	1298	5943	6258	5336
7199	0.827	6460	1300	5943	6250	5343
7208	0.827	6460	1292	5943	6252	5347
7217	0.828	6460	1319	5943	6255	5353
7226	0.829	6460	1270	5943	6249	5359
7235	0.83	6460	1266	5943	6247	5365
7244	0.83	6460	1308	5943	6264	5368
7253	0.831	6460	1282	5943	6256	5372
7262	0.832	6460	1249	5943	6257	5376
7271	0.832	6460	1265	5943	6245	5381
7280	0.833	6460	1255	5943	6242	5387
7289	0.834	6460	1221	5943	6255	5392
7298	0.835	6460	1245	5943	6261	5399
7307	0.836	6460	1255	5943	6254	5402
7316	0.836	6460	1245	5943	6261	5407
7325	0.837	6460	1226	5943	6264	5413
7334	0.838	6460	1242	5943	6255	5416
7343	0.839	6460	1215	5943	6250	5422
7352	0.84	6460	1172	5943	6250	5429
7361	0.841	6460	1146	5943	6249	5435
7370	0.841	6460	1180	5943	6255	5439
7379	0.843	6460	1149	5943	6239	5447
7388	0.844	6460	1181	5943	6250	5455
7398	0.845	6460	1175	5943	6250	5461
7407	0.846	6460	1143	5943	6249	5466
7416	0.846	6460	1162	5943	6260	5469
7425	0.847	6460	1154	5943	6249	5476
7434	0.848	6460	1143	5943	6248	5481
7443	0.849	6460	1129	5943	6249	5486
7452	0.849	6460	1152	5943	6246	5490
7461	0.85	6460	1134	5943	6261	5496
7470	0.851	6460	1124	5943	6256	5500
7479	0.852	6460	1116	5943	6240	5507
7488	0.852	6460	1083	5943	6250	5509
7497	0.853	6460	1082	5943	6235	5513
7506	0.854	6460	1091	5943	6240	5518
7515	0.854	6460	1077	5943	6240	5523
7524	0.855	6460	1058	5943	6237	5527
7533	0.856	6460	1059	5943	6238	5534
7542	0.857	6460	1058	5943	6232	5541
7551	0.858	6460	1037	5943	6235	5548
7560	0.859	6460	1042	5943	6250	5554
7569	0.86	6460	1026	5943	6245	5562
7578	0.861	6460	1050	5943	6249	5567
7587	0.862	6460	1023	5943	6239	5572
7596	0.863	6460	1035	5943	6244	5579
7605	0.864	6460	1017	5943	6248	5583
7614	0.865	6460	1020	5943	6249	5590
7623	0.866	6460	1011	5943	6241	5595
7632	0.867	6460	987	5943	6247	5602
7641	0.868	6460	985	5943	6245	5608
7650	0.868	6460	988	5943	6240	5612
7659	0.869	6460	980	5943	6232	5618
7669	0.87	6460	987	5943	6260	5625
7678	0.871	6460	971	5943	6244	5627
7687	0.871	6460	933	5943	6240	5633
7696	0.872	6460	933	5943	6242	5636
7705	0.873	6460	948	5943	6248	5641
7714	0.874	6460	927	5943	6249	5647
7723	0.874	6460	920	5943	6244	5650
7732	0.875	6460	934	5943	6239	5657
7741	0.876	6460	926	5943	6244	5660
7750	0.876	6460	912	5943	6245	5664
7759	0.877	6460	923	5943	6238	5667
7768	0.877	6460	900	5943	6243	5670
7777	0.878	6460	895	5943	6245	5674
7786	0.879	6460	883	5943	6245	5679
7795	0.88	6460	912	5943	6241	5686
7804	0.88	6460	881	5943	6232	5690
7813	0.881	6460	894	5943	6244	5695
7822	0.882	6460	864	5943	6247	5700
7831	0.882	6460	882	5943	6237	5703
7840	0.883	6460	861	5943	6246	5706
7849	0.883	6460	845	5943	6248	5708
7858	0.884	6460	859	5943	6241	5714
7867	0.884	6460	854	5943	6236	5717
7876	0.885	6460	842	5943	6234	5720
7885	0.886	6460	849	5943	6243	5726
7894	0.887	6460	795	5943	6241	5732
7903	0.888	6460	818	5943	6229	5737
7912	0.888	6460	823	5943	6237	5741
7921	0.889	6460	804	5943	6225	5744
7930	0.89	6460	789	5943	6237	5750
7940	0.89	6460	783	5943	6239	5755
7949	0.891	6460	785	5943	6232	5759
7958	0.892	6460	753	5943	6232	5764
7967	0.893	6460	744	5943	6231	5769
7976	0.893	6460	763	5943	6238	5774
7985	0.895	6460	739	5943	6236	5782
7994	0.895	6460	720	5943	6227	5786
8003	0.896	6460	751	5943	6226	5789
8012	0.896	6460	737	5943	6239	5794
8021	0.897	6460	728	5943	6234	5799
8030	0.898	6460	700	5943	6229	5802
8039	0.898	6460	705	5943	6227	5807
8048	0.899	6460	686	5943	6225	5812
8057	0.9	6460	687	5943	6236	5817
8066	0.901	6460	708	5943	6235	5821
8075	0.901	6460	672	5943	6222	5826
8084	0.902	6460	663	5943	6221	5832
8093	0.903	6460	677	5943	6225	5838
8102	0.904	6460	692	5943	6227	5844
8111	0.905	6460	656	5943	6228	5851
8120	0.906	6460	647	5943	6223	5856
8129	0.907	6460	657	5943	6228	5861
8138	0.908	6460	629	5943	6224	5867
8147	0.908	6460	631	5943	6231	5872
8156	0.909	6460	597	5943	6219	5875
8165	0.91	6460	615	5943	6220	5881
8174	0.911	6460	613	5943	6221	5886
8183	0.912	6460	588	5943	6226	5892
8192	0.913	6460	574	5943	6225	5898
8201	0.913	6460	580	5943	6215	5903
8210	0.914	6460	588	5943	6215	5910
8220	0.915	6460	591	5943	6218	5915
8229	0.916	6460	596	5943	6223	5920
8238	0.917	6460	554	5943	6223	5927
8247	0.918	6460	578	5943	6218	5932
8256	0.918	6460	557	5943	6221	5936
8265	0.92	6460	555	5943	6228	5944
8274	0.921	6460	522	5943	6217	5951
8283	0.921	6460	516	5943	6221	5955
8292	0.922	6460	510	5943	6212	5961
8301	0.923	6460	539	5943	6212	5965
8310	0.923	6460	521	5943	6221	5969
8319	0.925	6460	520	5943	6224	5976
8328	0.926	6460	492	5943	6225	5982
8337	0.927	6460	475	5943	6217	5989
8346	0.927	6460	489	5943	6219	5992
8355	0.928	6460	477	5943	6226	6000
8364	0.929	6460	456	5943	6222	6007
8373	0.93	6460	487	5943	6214	6013
8382	0.931	6460	468	5943	6221	6019
8391	0.932	6460	465	5943	6223	6024
8400	0.933	6460	467	5943	6215	6028
8409	0.933	6460	442	5943	6229	6033
8418	0.934	6460	443	5943	6226	6037
8427	0.935	6460	429	5943	6225	6043
8436	0.936	6460	441	5943	6222	6050
8445	0.936	6460	427	5943	6224	6052
8454	0.937	6460	416	5943	6217	6059
8463	0.938	6460	401	5943	6216	6062
8472	0.938	6460	403	5943	6216	6064
8481	0.939	6460	398	5943	6221	6068
8491	0.939	6460	374	5943	6224	6070
8500	0.94	6460	368	5943	6221	6075
8509	0.941	6460	361	5943	6218	6081
8518	0.941	6460	383	5943	6223	6085
8527	0.943	6460	355	5943	6226	6092
8536	0.944	6460	358	5943	6225	6099
8545	0.945	6460	337	5943	6218	6106
8554	0.945	6460	338	5943	6220	6109
8563	0.946	6460	328	5943	6221	6113
8572	0.946	6460	335	5943	6220	6116
8581	0.947	6460	307	5943	6213	6123
8590	0.948	6460	333	5943	6215	6128
8599	0.949	6460	298	5943	6219	6135
8608	0.95	6460	302	5943	6218	6141
8617	0.951	6460	290	5943	6214	6148
8626	0.952	6460	296	5943	6235	6154
8635	0.953	6460	284	5943	6225	6160
8644	0.954	6460	275	5943	6218	6164
8653	0.954	6460	287	5943	6215	6167
8662	0.955	6460	257	5943	6217	6173
8671	0.956	6460	251	5943	6211	6178
8680	0.957	6460	257	5943	6218	6185
8689	0.958	6460	252	5943	6215	6189
8698	0.958	6460	251	5943	6224	6195
8707	0.959	6460	227	5943	6220	6201
8716	0.961	6460	231	5943	6221	6209
8725	0.962	6460	229	5943	6220	6216
8734	0.962	6460	213	5943	6212	6220
8743	0.963	6460	204	5943	6213	6226
8752	0.964	6460	195	5943	6215	6231
8762	0.965	6460	186	5943	6217	6237
8771	0.966	6460	189	5943	6220	6241
8780	0.966	6460	182	5943	6220	6244
8789	0.967	6460	188	5943	6213	6252
8798	0.968	6460	175	5943	6212	6259
8807	0.969	6460	169	5943	6213	6265
8816	0.97	6460	154	5943	6213	6269
8825	0.971	6460	158	5943	6214	6274
8834	0.971	6460	153	5943	6217	6279
8843	0.972	6460	126	5943	6217	6285
8852	0.973	6460	128	5943	6211	6292
8861	0.974	6460	117	5943	6210	6298
8870	0.975	6460	113	5943	6213	6303
8879	0.976	6460	99	5943	6214	6310
8888	0.977	6460	100	5943	6214	6314
8897	0.978	6460	97	5943	6212	6322
8906	0.979	6460	88	5943	6211	6330
8915	0.98	6460	91	5943	6211	6333
8924	0.981	6460	83	5943	6212	6339
8933	0.982	6460	67	5943	6210	6346
8942	0.983	6460	58	5943	6207	6351
8951	0.984	6460	62	5943	6209	6357
8960	0.984	6460	52	5943	6210	6363
8969	0.985	6460	48	5943	6210	6366
8978	0.986	6460	36	5943	6210	6371
8987	0.986	6460	37	5943	6210	6376
8996	0.987	6460	22	5943	6210	6382
9005	0.989	6460	17	5943	6209	6389
9014	0.989	6460	12	5943	6209	6392
9023	0.99	6460	8	5943	6209	6397
9033	0.991	6460	0	5943	6209	6402
