dist	 eta-scaled	Opt	Trust	Greedy	TrustGreedy	 eta-unslaced
0	0	19231	19231	14889	19231	0
42	0.002	19231	19216	14889	19230	41
84	0.004	19231	19201	14889	19226	81
127	0.006	19231	19186	14889	19230	124
169	0.008	19231	19182	14889	19228	158
212	0.01	19231	19161	14889	19219	200
254	0.012	19231	19136	14889	19224	239
297	0.014	19231	19124	14889	19218	272
339	0.016	19231	19094	14889	19223	314
382	0.018	19231	19102	14889	19220	357
424	0.02	19231	19093	14889	19221	385
466	0.021	19231	19074	14889	19216	414
509	0.023	19231	19054	14889	19222	459
551	0.026	19231	19030	14889	19212	501
594	0.026	19231	19033	14889	19209	519
636	0.029	19231	19024	14889	19212	573
679	0.03	19231	19042	14889	19209	588
721	0.033	19231	18974	14889	19208	637
764	0.034	19231	19001	14889	19215	657
806	0.036	19231	18954	14889	19207	699
848	0.037	19231	18955	14889	19211	723
891	0.039	19231	18942	14889	19200	756
933	0.041	19231	18924	14889	19209	803
976	0.043	19231	18885	14889	19201	836
1018	0.045	19231	18889	14889	19196	873
1061	0.045	19231	18865	14889	19186	881
1103	0.048	19231	18878	14889	19201	928
1146	0.049	19231	18854	14889	19201	958
1188	0.052	19231	18813	14889	19196	1014
1230	0.053	19231	18832	14889	19196	1030
1273	0.055	19231	18789	14889	19188	1064
1315	0.056	19231	18781	14889	19193	1084
1358	0.059	19231	18796	14889	19202	1137
1400	0.059	19231	18797	14889	19186	1142
1443	0.061	19231	18781	14889	19194	1175
1485	0.063	19231	18751	14889	19189	1226
1528	0.065	19231	18724	14889	19191	1251
1570	0.065	19231	18736	14889	19183	1269
1612	0.068	19231	18669	14889	19181	1318
1655	0.069	19231	18713	14889	19192	1327
1697	0.07	19231	18688	14889	19182	1365
1740	0.072	19231	18682	14889	19191	1394
1782	0.074	19231	18633	14889	19186	1436
1825	0.076	19231	18642	14889	19179	1463
1867	0.076	19231	18641	14889	19184	1474
1910	0.079	19231	18585	14889	19167	1526
1952	0.079	19231	18589	14889	19191	1538
1994	0.081	19231	18590	14889	19174	1567
2037	0.082	19231	18569	14889	19170	1578
2079	0.085	19231	18563	14889	19181	1639
2122	0.085	19231	18548	14889	19165	1635
2164	0.088	19231	18508	14889	19176	1694
2207	0.089	19231	18477	14889	19163	1714
2249	0.09	19231	18488	14889	19160	1736
2292	0.092	19231	18463	14889	19164	1771
2334	0.093	19231	18482	14889	19173	1796
2376	0.096	19231	18455	14889	19172	1851
2419	0.096	19231	18443	14889	19161	1860
2461	0.096	19231	18437	14889	19166	1849
2504	0.099	19231	18443	14889	19166	1909
2546	0.101	19231	18411	14889	19156	1951
2589	0.104	19231	18374	14889	19167	2005
2631	0.104	19231	18375	14889	19161	2002
2674	0.106	19231	18340	14889	19148	2041
2716	0.106	19231	18381	14889	19153	2047
2758	0.11	19231	18317	14889	19156	2125
2801	0.107	19231	18337	14889	19157	2068
2843	0.112	19231	18334	14889	19157	2154
2886	0.112	19231	18314	14889	19148	2173
2928	0.115	19231	18239	14889	19154	2227
2971	0.117	19231	18298	14889	19148	2251
3013	0.117	19231	18278	14889	19134	2257
3056	0.118	19231	18263	14889	19156	2280
3098	0.119	19231	18212	14889	19137	2301
3141	0.12	19231	18190	14889	19133	2314
3183	0.12	19231	18225	14889	19138	2317
3225	0.124	19231	18191	14889	19146	2389
3268	0.124	19231	18221	14889	19135	2403
3310	0.126	19231	18137	14889	19148	2430
3353	0.127	19231	18185	14889	19143	2451
3395	0.132	19231	18169	14889	19138	2542
3438	0.132	19231	18127	14889	19140	2539
3480	0.131	19231	18150	14889	19137	2524
3523	0.132	19231	18122	14889	19141	2557
3565	0.137	19231	18060	14889	19123	2640
3607	0.137	19231	18110	14889	19134	2641
3650	0.139	19231	18085	14889	19142	2680
3692	0.138	19231	18074	14889	19121	2654
3735	0.142	19231	18016	14889	19115	2734
3777	0.142	19231	18042	14889	19127	2740
3820	0.144	19231	18033	14889	19131	2783
3862	0.141	19231	18061	14889	19117	2727
3905	0.144	19231	18074	14889	19131	2782
3947	0.146	19231	17953	14889	19115	2824
3989	0.149	19231	17977	14889	19129	2879
4032	0.149	19231	17956	14889	19121	2873
4074	0.152	19231	17954	14889	19122	2934
4117	0.155	19231	17900	14889	19112	2984
4159	0.154	19231	17947	14889	19126	2979
4202	0.155	19231	17927	14889	19118	2990
4244	0.158	19231	17870	14889	19114	3050
4287	0.158	19231	17885	14889	19114	3040
4329	0.158	19231	17878	14889	19127	3046
4371	0.162	19231	17862	14889	19100	3123
4414	0.164	19231	17825	14889	19102	3162
4456	0.162	19231	17827	14889	19099	3132
4499	0.162	19231	17883	14889	19126	3132
4541	0.167	19231	17806	14889	19117	3227
4584	0.165	19231	17813	14889	19097	3189
4626	0.168	19231	17842	14889	19098	3248
4669	0.168	19231	17832	14889	19116	3236
4711	0.17	19231	17799	14889	19104	3280
4753	0.172	19231	17754	14889	19087	3319
4796	0.174	19231	17732	14889	19075	3361
4838	0.174	19231	17716	14889	19084	3364
4881	0.177	19231	17728	14889	19103	3407
4923	0.178	19231	17710	14889	19099	3425
4966	0.177	19231	17745	14889	19106	3420
5008	0.18	19231	17688	14889	19105	3471
5051	0.179	19231	17704	14889	19108	3446
5093	0.183	19231	17714	14889	19098	3532
5135	0.183	19231	17662	14889	19108	3538
5178	0.186	19231	17580	14889	19085	3579
5220	0.186	19231	17622	14889	19099	3583
5263	0.187	19231	17633	14889	19077	3605
5305	0.188	19231	17564	14889	19100	3620
5348	0.189	19231	17584	14889	19096	3647
5390	0.191	19231	17551	14889	19072	3691
5433	0.194	19231	17622	14889	19095	3749
5475	0.193	19231	17580	14889	19079	3723
5517	0.197	19231	17575	14889	19088	3807
5560	0.196	19231	17537	14889	19093	3775
5602	0.2	19231	17541	14889	19086	3848
5645	0.199	19231	17474	14889	19070	3832
5687	0.202	19231	17504	14889	19081	3903
5730	0.201	19231	17503	14889	19057	3869
5772	0.204	19231	17455	14889	19070	3940
5815	0.202	19231	17478	14889	19060	3890
5857	0.203	19231	17497	14889	19072	3915
5899	0.204	19231	17471	14889	19072	3934
5942	0.207	19231	17464	14889	19063	3981
5984	0.207	19231	17453	14889	19073	3996
6027	0.209	19231	17453	14889	19073	4032
6069	0.213	19231	17380	14889	19086	4108
6112	0.213	19231	17382	14889	19080	4100
6154	0.213	19231	17388	14889	19056	4107
6197	0.215	19231	17363	14889	19056	4142
6239	0.219	19231	17349	14889	19058	4220
6282	0.217	19231	17314	14889	19071	4177
6324	0.219	19231	17362	14889	19081	4216
6366	0.219	19231	17342	14889	19065	4219
6409	0.224	19231	17298	14889	19063	4323
6451	0.224	19231	17301	14889	19053	4314
6494	0.224	19231	17256	14889	19047	4320
6536	0.226	19231	17296	14889	19041	4347
6579	0.225	19231	17304	14889	19054	4327
6621	0.225	19231	17238	14889	19058	4333
6664	0.231	19231	17248	14889	19057	4451
6706	0.23	19231	17214	14889	19056	4436
6748	0.229	19231	17220	14889	19059	4411
6791	0.233	19231	17240	14889	19055	4492
6833	0.232	19231	17227	14889	19086	4479
6876	0.235	19231	17239	14889	19080	4535
6918	0.234	19231	17195	14889	19051	4518
6961	0.237	19231	17154	14889	19029	4571
7003	0.24	19231	17116	14889	19055	4616
7046	0.241	19231	17157	14889	19054	4644
7088	0.241	19231	17129	14889	19049	4645
7130	0.242	19231	17068	14889	19033	4661
7173	0.243	19231	17099	14889	19052	4674
7215	0.244	19231	17123	14889	19057	4700
7258	0.244	19231	17080	14889	19044	4703
7300	0.247	19231	17119	14889	19061	4759
7343	0.249	19231	17065	14889	19031	4801
7385	0.25	19231	17005	14889	19038	4817
7428	0.25	19231	17023	14889	19041	4814
7470	0.251	19231	17063	14889	19029	4841
7512	0.254	19231	17041	14889	19041	4898
7555	0.255	19231	16975	14889	19050	4909
7597	0.257	19231	17023	14889	19027	4959
7640	0.258	19231	16980	14889	19007	4976
7682	0.257	19231	17006	14889	19052	4949
7725	0.259	19231	16963	14889	19023	4992
7767	0.258	19231	17013	14889	19050	4973
7810	0.261	19231	16921	14889	19034	5032
7852	0.261	19231	16975	14889	19017	5033
7894	0.262	19231	16966	14889	19019	5052
7937	0.266	19231	16941	14889	19010	5116
7979	0.267	19231	16857	14889	18999	5144
8022	0.266	19231	16913	14889	19030	5128
8064	0.266	19231	16906	14889	19047	5118
8107	0.269	19231	16926	14889	19014	5181
8149	0.272	19231	16838	14889	19007	5247
8192	0.272	19231	16853	14889	19021	5234
8234	0.273	19231	16875	14889	19023	5251
8276	0.273	19231	16860	14889	19010	5259
8319	0.273	19231	16868	14889	19037	5262
8361	0.278	19231	16823	14889	19032	5351
8404	0.279	19231	16843	14889	19040	5371
8446	0.278	19231	16821	14889	19030	5347
8489	0.276	19231	16798	14889	19011	5321
8531	0.28	19231	16800	14889	19017	5399
8574	0.283	19231	16758	14889	19038	5450
8616	0.285	19231	16722	14889	19011	5481
8658	0.281	19231	16784	14889	19001	5422
8701	0.283	19231	16840	14889	18987	5450
8743	0.287	19231	16717	14889	19013	5528
8786	0.289	19231	16706	14889	19022	5574
8828	0.29	19231	16726	14889	18998	5592
8871	0.29	19231	16683	14889	19009	5588
8913	0.293	19231	16692	14889	19022	5641
8956	0.292	19231	16664	14889	19021	5632
8998	0.292	19231	16672	14889	19005	5625
9040	0.298	19231	16647	14889	19017	5750
9083	0.291	19231	16723	14889	18998	5601
9125	0.299	19231	16584	14889	18989	5758
9168	0.295	19231	16640	14889	18996	5692
9210	0.299	19231	16683	14889	19006	5768
9253	0.301	19231	16601	14889	18970	5801
9295	0.304	19231	16615	14889	19011	5849
9338	0.303	19231	16622	14889	19012	5831
9380	0.304	19231	16640	14889	18979	5860
9423	0.306	19231	16597	14889	18995	5895
9465	0.304	19231	16577	14889	18987	5847
9507	0.305	19231	16607	14889	18996	5877
9550	0.308	19231	16576	14889	18968	5933
9592	0.307	19231	16590	14889	19003	5917
9635	0.309	19231	16573	14889	18983	5957
9677	0.313	19231	16513	14889	18981	6032
9720	0.315	19231	16513	14889	19004	6076
9762	0.314	19231	16552	14889	18984	6042
9805	0.316	19231	16489	14889	18979	6077
9847	0.316	19231	16507	14889	18985	6087
9889	0.32	19231	16445	14889	18963	6160
9932	0.315	19231	16483	14889	18959	6070
9974	0.316	19231	16469	14889	18988	6095
10017	0.319	19231	16506	14889	18975	6144
10059	0.324	19231	16452	14889	18970	6232
10102	0.319	19231	16429	14889	18968	6140
10144	0.324	19231	16411	14889	18978	6249
10187	0.324	19231	16430	14889	18978	6242
10229	0.33	19231	16380	14889	18959	6358
10271	0.326	19231	16447	14889	18971	6271
10314	0.329	19231	16436	14889	18973	6338
10356	0.329	19231	16393	14889	18988	6334
10399	0.331	19231	16383	14889	19002	6383
10441	0.333	19231	16362	14889	18990	6412
10484	0.336	19231	16296	14889	18973	6470
10526	0.332	19231	16370	14889	18985	6388
10569	0.336	19231	16336	14889	18975	6473
10611	0.337	19231	16338	14889	18983	6497
10653	0.336	19231	16360	14889	18964	6474
10696	0.336	19231	16330	14889	18991	6477
10738	0.345	19231	16219	14889	18958	6644
10781	0.336	19231	16352	14889	18980	6462
10823	0.342	19231	16223	14889	18935	6596
10866	0.343	19231	16259	14889	18948	6608
10908	0.344	19231	16231	14889	18955	6634
10951	0.345	19231	16311	14889	18968	6645
10993	0.346	19231	16242	14889	18962	6669
11035	0.345	19231	16279	14889	18955	6640
11078	0.349	19231	16251	14889	18969	6728
11120	0.346	19231	16272	14889	18961	6668
11163	0.351	19231	16257	14889	18954	6758
11205	0.352	19231	16224	14889	18962	6785
11248	0.353	19231	16232	14889	18967	6790
11290	0.35	19231	16243	14889	18981	6744
11333	0.357	19231	16111	14889	18966	6868
11375	0.354	19231	16208	14889	18937	6822
11417	0.356	19231	16186	14889	18952	6865
11460	0.359	19231	16152	14889	18965	6905
11502	0.361	19231	16074	14889	18959	6945
11545	0.363	19231	16132	14889	18955	6990
11587	0.362	19231	16103	14889	18962	6977
11630	0.363	19231	16125	14889	18953	6999
11672	0.365	19231	16150	14889	18956	7022
11715	0.364	19231	16117	14889	18923	7009
11757	0.366	19231	16088	14889	18937	7043
11799	0.364	19231	16093	14889	18951	7001
11842	0.368	19231	16109	14889	18980	7096
11884	0.37	19231	16045	14889	18939	7117
11927	0.372	19231	16041	14889	18941	7170
11969	0.367	19231	16108	14889	18949	7065
12012	0.375	19231	16023	14889	18936	7226
12054	0.372	19231	16056	14889	18941	7163
12097	0.376	19231	15950	14889	18958	7235
12139	0.373	19231	16031	14889	18938	7185
12182	0.379	19231	15979	14889	18968	7307
12224	0.377	19231	15994	14889	18944	7266
12266	0.38	19231	15954	14889	18907	7319
12309	0.377	19231	15958	14889	18917	7259
12351	0.38	19231	16073	14889	18915	7312
12394	0.383	19231	15928	14889	18927	7381
12436	0.383	19231	16022	14889	18948	7366
12479	0.379	19231	16030	14889	18950	7304
12521	0.38	19231	15958	14889	18880	7327
12564	0.384	19231	15949	14889	18932	7391
12606	0.39	19231	15895	14889	18925	7505
12648	0.388	19231	15911	14889	18945	7475
12691	0.389	19231	15883	14889	18928	7485
12733	0.388	19231	15926	14889	18938	7463
12776	0.391	19231	15956	14889	18920	7536
12818	0.394	19231	15819	14889	18900	7587
12861	0.393	19231	15871	14889	18919	7564
12903	0.395	19231	15846	14889	18930	7606
12946	0.392	19231	15856	14889	18945	7553
12988	0.399	19231	15820	14889	18926	7689
13030	0.398	19231	15808	14889	18911	7672
13073	0.399	19231	15795	14889	18919	7687
13115	0.398	19231	15835	14889	18926	7656
13158	0.399	19231	15783	14889	18903	7688
13200	0.4	19231	15821	14889	18887	7694
13243	0.405	19231	15772	14889	18904	7804
13285	0.4	19231	15814	14889	18938	7698
13328	0.406	19231	15821	14889	18924	7810
13370	0.402	19231	15803	14889	18951	7736
13412	0.406	19231	15773	14889	18922	7818
13455	0.409	19231	15753	14889	18901	7872
13497	0.407	19231	15810	14889	18937	7834
13540	0.408	19231	15806	14889	18914	7856
13582	0.412	19231	15776	14889	18931	7942
13625	0.411	19231	15764	14889	18886	7906
13667	0.412	19231	15723	14889	18903	7933
13710	0.416	19231	15663	14889	18906	8010
13752	0.42	19231	15647	14889	18920	8093
13794	0.413	19231	15690	14889	18913	7947
13837	0.419	19231	15700	14889	18894	8068
13879	0.417	19231	15711	14889	18888	8024
13922	0.421	19231	15705	14889	18887	8112
13964	0.418	19231	15676	14889	18892	8046
14007	0.422	19231	15669	14889	18912	8123
14049	0.425	19231	15618	14889	18857	8188
14092	0.421	19231	15637	14889	18907	8103
14134	0.426	19231	15670	14889	18897	8207
14176	0.422	19231	15725	14889	18931	8132
14219	0.426	19231	15671	14889	18907	8210
14261	0.429	19231	15618	14889	18925	8253
14304	0.428	19231	15699	14889	18927	8238
14346	0.427	19231	15562	14889	18900	8215
14389	0.434	19231	15553	14889	18899	8349
14431	0.426	19231	15689	14889	18905	8201
14474	0.429	19231	15592	14889	18900	8261
14516	0.437	19231	15577	14889	18848	8418
14558	0.438	19231	15513	14889	18873	8439
14601	0.432	19231	15509	14889	18890	8318
14643	0.438	19231	15489	14889	18885	8424
14686	0.443	19231	15472	14889	18908	8528
14728	0.44	19231	15533	14889	18902	8470
14771	0.44	19231	15527	14889	18901	8467
14813	0.439	19231	15487	14889	18890	8453
14856	0.443	19231	15518	14889	18894	8529
14898	0.441	19231	15477	14889	18910	8489
14940	0.443	19231	15511	14889	18879	8528
14983	0.449	19231	15444	14889	18895	8645
15025	0.445	19231	15465	14889	18885	8560
15068	0.448	19231	15492	14889	18855	8630
15110	0.451	19231	15453	14889	18868	8688
15153	0.446	19231	15488	14889	18886	8581
15195	0.452	19231	15454	14889	18879	8694
15238	0.452	19231	15436	14889	18873	8704
15280	0.453	19231	15486	14889	18880	8716
15323	0.457	19231	15443	14889	18892	8793
15365	0.455	19231	15427	14889	18889	8765
15407	0.457	19231	15391	14889	18884	8790
15450	0.455	19231	15381	14889	18865	8756
15492	0.458	19231	15334	14889	18886	8820
15535	0.456	19231	15370	14889	18919	8773
15577	0.464	19231	15315	14889	18855	8940
15620	0.458	19231	15393	14889	18868	8827
15662	0.46	19231	15441	14889	18904	8853
15705	0.465	19231	15316	14889	18875	8951
15747	0.463	19231	15370	14889	18899	8919
15789	0.464	19231	15342	14889	18864	8941
15832	0.459	19231	15398	14889	18882	8838
15874	0.464	19231	15350	14889	18866	8942
15917	0.467	19231	15347	14889	18859	8988
15959	0.469	19231	15321	14889	18876	9032
16002	0.464	19231	15435	14889	18891	8939
16044	0.471	19231	15357	14889	18841	9064
16087	0.474	19231	15280	14889	18871	9132
16129	0.467	19231	15351	14889	18863	8994
16171	0.475	19231	15364	14889	18859	9139
16214	0.474	19231	15280	14889	18834	9125
16256	0.477	19231	15234	14889	18871	9182
16299	0.479	19231	15252	14889	18875	9217
16341	0.472	19231	15359	14889	18866	9092
16384	0.477	19231	15323	14889	18874	9192
16426	0.479	19231	15209	14889	18855	9217
16469	0.478	19231	15336	14889	18907	9200
16511	0.481	19231	15241	14889	18857	9254
16553	0.485	19231	15245	14889	18861	9335
16596	0.482	19231	15207	14889	18827	9275
16638	0.483	19231	15248	14889	18867	9292
16681	0.486	19231	15198	14889	18859	9356
16723	0.487	19231	15238	14889	18846	9370
16766	0.485	19231	15213	14889	18859	9332
16808	0.486	19231	15205	14889	18842	9361
16851	0.488	19231	15212	14889	18863	9390
16893	0.485	19231	15203	14889	18855	9329
16935	0.489	19231	15221	14889	18840	9414
16978	0.488	19231	15235	14889	18849	9398
17020	0.49	19231	15225	14889	18862	9434
17063	0.497	19231	15147	14889	18840	9561
17105	0.495	19231	15128	14889	18851	9535
17148	0.497	19231	15114	14889	18866	9569
17190	0.497	19231	15089	14889	18836	9560
17233	0.492	19231	15225	14889	18859	9467
17275	0.501	19231	15123	14889	18869	9650
17317	0.502	19231	15029	14889	18834	9673
17360	0.504	19231	15127	14889	18859	9705
17402	0.5	19231	15128	14889	18857	9630
17445	0.504	19231	15020	14889	18816	9693
17487	0.499	19231	15075	14889	18840	9609
17530	0.501	19231	15090	14889	18854	9642
17572	0.502	19231	15140	14889	18819	9673
17615	0.506	19231	15089	14889	18854	9733
17657	0.509	19231	15163	14889	18847	9790
17699	0.506	19231	15196	14889	18832	9742
17742	0.51	19231	15088	14889	18811	9825
17784	0.51	19231	15085	14889	18825	9814
17827	0.507	19231	15056	14889	18828	9767
17869	0.513	19231	15028	14889	18851	9873
17912	0.512	19231	15050	14889	18842	9852
17954	0.513	19231	14998	14889	18849	9883
17997	0.513	19231	15033	14889	18848	9881
18039	0.515	19231	15074	14889	18833	9918
18081	0.522	19231	14981	14889	18839	10053
18124	0.52	19231	15003	14889	18851	10002
18166	0.518	19231	15057	14889	18836	9962
18209	0.519	19231	15010	14889	18836	9988
18251	0.521	19231	14981	14889	18833	10030
18294	0.519	19231	14953	14889	18811	9982
18336	0.525	19231	14928	14889	18839	10106
18379	0.525	19231	15005	14889	18840	10115
18421	0.525	19231	14967	14889	18820	10100
18464	0.524	19231	14976	14889	18844	10078
18506	0.524	19231	14993	14889	18844	10079
18548	0.527	19231	14931	14889	18819	10153
18591	0.526	19231	14966	14889	18850	10129
18633	0.526	19231	14976	14889	18822	10119
18676	0.527	19231	14968	14889	18816	10148
18718	0.532	19231	14925	14889	18846	10250
18761	0.532	19231	14910	14889	18829	10245
18803	0.532	19231	14958	14889	18839	10249
18846	0.533	19231	14943	14889	18824	10262
18888	0.532	19231	14933	14889	18796	10232
18930	0.535	19231	14956	14889	18824	10303
18973	0.535	19231	14862	14889	18830	10306
19015	0.538	19231	14883	14889	18816	10348
19058	0.541	19231	14855	14889	18781	10417
19100	0.538	19231	14866	14889	18836	10348
19143	0.545	19231	14768	14889	18806	10495
19185	0.543	19231	14806	14889	18820	10444
19228	0.542	19231	14855	14889	18829	10434
19270	0.543	19231	14815	14889	18829	10453
19312	0.544	19231	14846	14889	18820	10480
19355	0.547	19231	14749	14889	18794	10537
19397	0.542	19231	14868	14889	18848	10434
19440	0.55	19231	14788	14889	18806	10581
19482	0.555	19231	14726	14889	18804	10676
19525	0.55	19231	14821	14889	18816	10579
19567	0.545	19231	14839	14889	18805	10484
19610	0.548	19231	14785	14889	18808	10548
19652	0.551	19231	14781	14889	18830	10601
19694	0.553	19231	14767	14889	18814	10640
19737	0.552	19231	14807	14889	18811	10634
19779	0.553	19231	14757	14889	18790	10647
19822	0.557	19231	14715	14889	18800	10712
19864	0.558	19231	14727	14889	18835	10731
19907	0.558	19231	14833	14889	18849	10746
19949	0.559	19231	14727	14889	18796	10761
19992	0.558	19231	14788	14889	18832	10735
20034	0.559	19231	14821	14889	18834	10758
20076	0.559	19231	14713	14889	18799	10768
20119	0.565	19231	14721	14889	18787	10871
20161	0.561	19231	14747	14889	18785	10800
20204	0.561	19231	14758	14889	18820	10802
20246	0.562	19231	14790	14889	18795	10810
20289	0.562	19231	14831	14889	18805	10814
20331	0.567	19231	14706	14889	18802	10908
20374	0.569	19231	14687	14889	18807	10948
20416	0.569	19231	14747	14889	18810	10953
20458	0.567	19231	14753	14889	18816	10923
20501	0.575	19231	14695	14889	18811	11067
20543	0.57	19231	14720	14889	18791	10972
20586	0.573	19231	14660	14889	18796	11021
20628	0.575	19231	14676	14889	18818	11059
20671	0.574	19231	14707	14889	18803	11056
20713	0.573	19231	14792	14889	18799	11021
20756	0.578	19231	14632	14889	18804	11126
20798	0.574	19231	14657	14889	18812	11049
20840	0.577	19231	14661	14889	18782	11115
20883	0.577	19231	14615	14889	18819	11115
20925	0.58	19231	14661	14889	18778	11159
20968	0.583	19231	14674	14889	18827	11214
21010	0.58	19231	14695	14889	18813	11157
21053	0.585	19231	14510	14889	18789	11264
21095	0.582	19231	14599	14889	18811	11209
21138	0.584	19231	14620	14889	18810	11242
21180	0.585	19231	14569	14889	18785	11258
21223	0.585	19231	14545	14889	18784	11252
21265	0.587	19231	14614	14889	18814	11291
21307	0.595	19231	14464	14889	18779	11445
21350	0.59	19231	14567	14889	18803	11355
21392	0.592	19231	14511	14889	18783	11395
21435	0.59	19231	14587	14889	18791	11349
21477	0.59	19231	14571	14889	18783	11361
21520	0.593	19231	14598	14889	18785	11406
21562	0.592	19231	14517	14889	18798	11387
21605	0.595	19231	14521	14889	18784	11453
21647	0.596	19231	14563	14889	18729	11469
21689	0.593	19231	14574	14889	18825	11419
21732	0.597	19231	14530	14889	18770	11490
21774	0.595	19231	14574	14889	18779	11446
21817	0.6	19231	14573	14889	18788	11548
21859	0.596	19231	14554	14889	18814	11466
21902	0.598	19231	14521	14889	18808	11512
21944	0.6	19231	14549	14889	18776	11553
21987	0.604	19231	14506	14889	18781	11621
22029	0.602	19231	14551	14889	18769	11592
22071	0.601	19231	14529	14889	18790	11559
22114	0.608	19231	14470	14889	18784	11698
22156	0.606	19231	14532	14889	18761	11657
22199	0.605	19231	14502	14889	18785	11648
22241	0.609	19231	14512	14889	18798	11722
22284	0.607	19231	14507	14889	18780	11689
22326	0.608	19231	14464	14889	18791	11703
22369	0.611	19231	14489	14889	18766	11765
22411	0.61	19231	14458	14889	18801	11749
22453	0.613	19231	14520	14889	18737	11794
22496	0.613	19231	14447	14889	18767	11793
22538	0.611	19231	14498	14889	18805	11760
22581	0.614	19231	14486	14889	18772	11823
22623	0.613	19231	14470	14889	18772	11801
22666	0.616	19231	14445	14889	18754	11855
22708	0.617	19231	14416	14889	18782	11880
22751	0.621	19231	14432	14889	18774	11950
22793	0.617	19231	14503	14889	18778	11878
22835	0.623	19231	14429	14889	18779	11986
22878	0.623	19231	14453	14889	18769	11983
22920	0.622	19231	14424	14889	18752	11976
22963	0.623	19231	14355	14889	18825	11997
23005	0.623	19231	14418	14889	18762	11994
23048	0.623	19231	14420	14889	18750	11996
23090	0.624	19231	14406	14889	18792	12014
23133	0.623	19231	14393	14889	18776	11994
23175	0.63	19231	14379	14889	18782	12123
23217	0.627	19231	14435	14889	18794	12065
23260	0.629	19231	14428	14889	18792	12107
23302	0.632	19231	14419	14889	18797	12157
23345	0.631	19231	14366	14889	18746	12152
23387	0.632	19231	14425	14889	18782	12162
23430	0.636	19231	14323	14889	18780	12250
23472	0.634	19231	14406	14889	18761	12195
23515	0.636	19231	14321	14889	18734	12241
23557	0.633	19231	14399	14889	18754	12189
23599	0.631	19231	14382	14889	18751	12138
23642	0.639	19231	14272	14889	18724	12291
23684	0.645	19231	14250	14889	18780	12408
23727	0.64	19231	14295	14889	18768	12317
23769	0.642	19231	14355	14889	18771	12353
23812	0.643	19231	14333	14889	18751	12379
23854	0.641	19231	14307	14889	18766	12341
23897	0.643	19231	14334	14889	18749	12376
23939	0.648	19231	14292	14889	18782	12463
23981	0.647	19231	14335	14889	18768	12459
24024	0.646	19231	14299	14889	18747	12435
24066	0.646	19231	14247	14889	18754	12442
24109	0.648	19231	14266	14889	18750	12469
24151	0.648	19231	14341	14889	18741	12466
24194	0.653	19231	14220	14889	18764	12567
24236	0.652	19231	14296	14889	18755	12555
24279	0.656	19231	14228	14889	18753	12632
24321	0.651	19231	14352	14889	18743	12538
24364	0.652	19231	14294	14889	18757	12548
24406	0.655	19231	14221	14889	18766	12601
24448	0.653	19231	14267	14889	18761	12564
24491	0.654	19231	14253	14889	18771	12584
24533	0.655	19231	14217	14889	18762	12607
24576	0.661	19231	14240	14889	18766	12720
24618	0.658	19231	14219	14889	18748	12667
24661	0.655	19231	14265	14889	18757	12600
24703	0.66	19231	14255	14889	18777	12697
24746	0.66	19231	14230	14889	18768	12697
24788	0.66	19231	14297	14889	18763	12706
24830	0.662	19231	14214	14889	18728	12745
24873	0.67	19231	14089	14889	18749	12885
24915	0.663	19231	14214	14889	18772	12761
24958	0.666	19231	14225	14889	18762	12827
25000	0.666	19231	14231	14889	18766	12815
25043	0.671	19231	14151	14889	18722	12920
25085	0.669	19231	14225	14889	18748	12867
25128	0.668	19231	14265	14889	18760	12854
25170	0.667	19231	14202	14889	18754	12828
25212	0.67	19231	14156	14889	18719	12893
25255	0.667	19231	14210	14889	18738	12829
25297	0.674	19231	14149	14889	18740	12972
25340	0.674	19231	14167	14889	18714	12972
25382	0.67	19231	14205	14889	18729	12904
25425	0.674	19231	14218	14889	18732	12970
25467	0.676	19231	14143	14889	18746	13019
25510	0.677	19231	14215	14889	18749	13022
25552	0.677	19231	14171	14889	18754	13030
25594	0.676	19231	14138	14889	18725	13002
25637	0.681	19231	14162	14889	18723	13098
25679	0.683	19231	14104	14889	18730	13139
25722	0.684	19231	14174	14889	18759	13167
25764	0.681	19231	14159	14889	18743	13101
25807	0.686	19231	14140	14889	18762	13197
25849	0.685	19231	14057	14889	18706	13182
25892	0.684	19231	14114	14889	18740	13156
25934	0.692	19231	14038	14889	18756	13315
25976	0.684	19231	14149	14889	18711	13169
26019	0.688	19231	14140	14889	18715	13242
26061	0.688	19231	14091	14889	18718	13236
26104	0.687	19231	14110	14889	18693	13225
26146	0.69	19231	14151	14889	18753	13284
26189	0.69	19231	14107	14889	18695	13278
26231	0.691	19231	14116	14889	18787	13292
26274	0.693	19231	14086	14889	18707	13341
26316	0.693	19231	14047	14889	18708	13330
26358	0.693	19231	14077	14889	18717	13335
26401	0.695	19231	14054	14889	18723	13369
26443	0.697	19231	14131	14889	18758	13406
26486	0.701	19231	14016	14889	18704	13485
26528	0.701	19231	14084	14889	18772	13481
26571	0.697	19231	14091	14889	18770	13416
26613	0.702	19231	14053	14889	18737	13513
26656	0.698	19231	14103	14889	18747	13437
26698	0.7	19231	14084	14889	18751	13477
26740	0.701	19231	14003	14889	18748	13497
26783	0.703	19231	14101	14889	18752	13534
26825	0.702	19231	14064	14889	18745	13507
26868	0.705	19231	14082	14889	18751	13571
26910	0.703	19231	14116	14889	18763	13520
26953	0.707	19231	14079	14889	18723	13602
26995	0.707	19231	14059	14889	18731	13608
27038	0.715	19231	14013	14889	18746	13764
27080	0.712	19231	14029	14889	18724	13703
27122	0.711	19231	14077	14889	18744	13676
27165	0.713	19231	14059	14889	18749	13716
27207	0.712	19231	14061	14889	18719	13706
27250	0.712	19231	14064	14889	18756	13707
27292	0.714	19231	14097	14889	18748	13748
27335	0.715	19231	14002	14889	18751	13759
27377	0.711	19231	14066	14889	18753	13684
27420	0.716	19231	13967	14889	18731	13775
27462	0.715	19231	14052	14889	18734	13757
27505	0.719	19231	14006	14889	18736	13834
27547	0.718	19231	14080	14889	18739	13810
27589	0.721	19231	13966	14889	18746	13879
27632	0.719	19231	14026	14889	18749	13832
27674	0.72	19231	13978	14889	18726	13861
27717	0.718	19231	14053	14889	18722	13824
27759	0.725	19231	13980	14889	18738	13952
27802	0.726	19231	13989	14889	18734	13974
27844	0.723	19231	13996	14889	18728	13912
27887	0.724	19231	14013	14889	18722	13935
27929	0.729	19231	13958	14889	18723	14028
27971	0.729	19231	13946	14889	18723	14036
28014	0.726	19231	14006	14889	18728	13967
28056	0.728	19231	13973	14889	18718	14007
28099	0.726	19231	14027	14889	18729	13962
28141	0.732	19231	13998	14889	18750	14095
28184	0.732	19231	13974	14889	18703	14091
28226	0.733	19231	13972	14889	18733	14103
28269	0.734	19231	13981	14889	18750	14126
28311	0.734	19231	13960	14889	18718	14132
28353	0.736	19231	13956	14889	18745	14160
28396	0.739	19231	13901	14889	18724	14213
28438	0.736	19231	13936	14889	18752	14163
28481	0.738	19231	13922	14889	18698	14205
28523	0.737	19231	13905	14889	18715	14188
28566	0.739	19231	13903	14889	18720	14228
28608	0.737	19231	13978	14889	18737	14181
28651	0.743	19231	13892	14889	18692	14297
28693	0.741	19231	13924	14889	18741	14253
28735	0.74	19231	13971	14889	18731	14247
28778	0.742	19231	13942	14889	18731	14282
28820	0.746	19231	13917	14889	18700	14353
28863	0.745	19231	13884	14889	18702	14343
28905	0.746	19231	13947	14889	18715	14362
28948	0.744	19231	13943	14889	18744	14308
28990	0.749	19231	13843	14889	18704	14418
29033	0.749	19231	13906	14889	18714	14418
29075	0.752	19231	13875	14889	18721	14462
29117	0.749	19231	13925	14889	18722	14417
29160	0.747	19231	13898	14889	18728	14374
29202	0.752	19231	13898	14889	18701	14475
29245	0.751	19231	13885	14889	18726	14450
29287	0.753	19231	13892	14889	18702	14491
29330	0.753	19231	13944	14889	18709	14484
29372	0.757	19231	13850	14889	18732	14569
29415	0.753	19231	13921	14889	18719	14499
29457	0.758	19231	13909	14889	18702	14587
29499	0.755	19231	13890	14889	18692	14527
29542	0.756	19231	13839	14889	18705	14552
29584	0.759	19231	13887	14889	18704	14598
29627	0.761	19231	13919	14889	18716	14636
29669	0.765	19231	13784	14889	18689	14726
29712	0.76	19231	13841	14889	18723	14621
29754	0.764	19231	13787	14889	18712	14699
29797	0.765	19231	13803	14889	18724	14720
29839	0.762	19231	13857	14889	18714	14658
29881	0.766	19231	13892	14889	18714	14744
29924	0.767	19231	13844	14889	18720	14762
29966	0.769	19231	13880	14889	18722	14791
30009	0.765	19231	13925	14889	18739	14718
30051	0.77	19231	13763	14889	18689	14825
30094	0.771	19231	13884	14889	18729	14845
30136	0.77	19231	13848	14889	18734	14809
30179	0.766	19231	13900	14889	18737	14735
30221	0.77	19231	13882	14889	18712	14821
30263	0.773	19231	13829	14889	18720	14880
30306	0.772	19231	13914	14889	18739	14849
30348	0.772	19231	13764	14889	18680	14861
30391	0.776	19231	13886	14889	18705	14940
30433	0.777	19231	13762	14889	18670	14948
30476	0.777	19231	13796	14889	18684	14945
30518	0.779	19231	13770	14889	18691	14990
30561	0.776	19231	13853	14889	18715	14940
30603	0.778	19231	13857	14889	18682	14963
30646	0.783	19231	13792	14889	18708	15064
30688	0.78	19231	13819	14889	18702	15013
30730	0.779	19231	13827	14889	18697	14984
30773	0.786	19231	13843	14889	18700	15127
30815	0.782	19231	13823	14889	18718	15057
30858	0.786	19231	13756	14889	18701	15119
30900	0.783	19231	13830	14889	18710	15065
30943	0.788	19231	13787	14889	18705	15172
30985	0.788	19231	13725	14889	18683	15165
31028	0.792	19231	13725	14889	18671	15249
31070	0.789	19231	13778	14889	18685	15191
31112	0.79	19231	13804	14889	18714	15202
31155	0.787	19231	13772	14889	18660	15144
31197	0.794	19231	13775	14889	18705	15272
31240	0.79	19231	13837	14889	18712	15199
31282	0.789	19231	13816	14889	18697	15191
31325	0.795	19231	13806	14889	18705	15307
31367	0.794	19231	13843	14889	18690	15280
31410	0.795	19231	13784	14889	18698	15301
31452	0.794	19231	13797	14889	18683	15285
31494	0.796	19231	13721	14889	18677	15322
31537	0.795	19231	13848	14889	18706	15293
31579	0.797	19231	13768	14889	18675	15337
31622	0.797	19231	13809	14889	18694	15330
31664	0.8	19231	13754	14889	18687	15389
31707	0.797	19231	13746	14889	18716	15332
31749	0.802	19231	13724	14889	18699	15440
31792	0.799	19231	13816	14889	18702	15384
31834	0.806	19231	13723	14889	18695	15507
31876	0.802	19231	13743	14889	18681	15425
31919	0.806	19231	13698	14889	18650	15518
31961	0.804	19231	13781	14889	18682	15467
32004	0.803	19231	13774	14889	18699	15457
32046	0.806	19231	13777	14889	18663	15504
32089	0.804	19231	13803	14889	18707	15471
32131	0.807	19231	13775	14889	18700	15532
32174	0.809	19231	13742	14889	18689	15561
32216	0.811	19231	13667	14889	18676	15614
32258	0.813	19231	13739	14889	18671	15652
32301	0.812	19231	13716	14889	18681	15622
32343	0.811	19231	13719	14889	18703	15610
32386	0.814	19231	13722	14889	18707	15669
32428	0.812	19231	13772	14889	18706	15620
32471	0.817	19231	13709	14889	18689	15721
32513	0.817	19231	13705	14889	18665	15725
32556	0.815	19231	13769	14889	18697	15682
32598	0.815	19231	13737	14889	18679	15690
32640	0.818	19231	13736	14889	18672	15733
32683	0.816	19231	13730	14889	18692	15697
32725	0.818	19231	13738	14889	18679	15738
32768	0.823	19231	13707	14889	18684	15831
32810	0.821	19231	13739	14889	18693	15789
32853	0.819	19231	13708	14889	18693	15752
32895	0.819	19231	13737	14889	18703	15754
32938	0.824	19231	13673	14889	18657	15853
32980	0.825	19231	13734	14889	18675	15875
33022	0.824	19231	13714	14889	18689	15864
33065	0.831	19231	13634	14889	18664	15994
33107	0.831	19231	13643	14889	18703	15987
33150	0.828	19231	13707	14889	18668	15928
33192	0.83	19231	13730	14889	18689	15966
33235	0.83	19231	13766	14889	18685	15966
33277	0.829	19231	13679	14889	18692	15943
33320	0.834	19231	13661	14889	18667	16040
33362	0.833	19231	13670	14889	18675	16031
33405	0.833	19231	13689	14889	18694	16034
33447	0.835	19231	13630	14889	18671	16060
33489	0.838	19231	13615	14889	18664	16116
33532	0.833	19231	13699	14889	18672	16031
33574	0.834	19231	13721	14889	18696	16055
33617	0.837	19231	13638	14889	18668	16108
33659	0.839	19231	13701	14889	18711	16146
33702	0.842	19231	13638	14889	18702	16211
33744	0.841	19231	13696	14889	18712	16186
33787	0.842	19231	13680	14889	18688	16204
33829	0.842	19231	13710	14889	18698	16207
33871	0.842	19231	13662	14889	18693	16209
33914	0.841	19231	13653	14889	18653	16177
33956	0.843	19231	13689	14889	18688	16216
33999	0.843	19231	13692	14889	18705	16227
34041	0.847	19231	13658	14889	18680	16298
34084	0.845	19231	13668	14889	18676	16256
34126	0.846	19231	13655	14889	18678	16275
34169	0.847	19231	13678	14889	18688	16303
34211	0.851	19231	13618	14889	18697	16378
34253	0.85	19231	13625	14889	18684	16363
34296	0.852	19231	13619	14889	18682	16395
34338	0.85	19231	13631	14889	18689	16353
34381	0.856	19231	13575	14889	18680	16469
34423	0.853	19231	13649	14889	18694	16416
34466	0.852	19231	13658	14889	18692	16399
34508	0.854	19231	13683	14889	18670	16427
34551	0.857	19231	13622	14889	18691	16496
34593	0.855	19231	13674	14889	18695	16443
34635	0.858	19231	13641	14889	18709	16504
34678	0.856	19231	13621	14889	18704	16474
34720	0.858	19231	13640	14889	18718	16506
34763	0.858	19231	13643	14889	18728	16507
34805	0.86	19231	13605	14889	18687	16549
34848	0.861	19231	13628	14889	18673	16558
34890	0.861	19231	13592	14889	18684	16572
34933	0.866	19231	13621	14889	18706	16665
34975	0.861	19231	13633	14889	18690	16576
35017	0.862	19231	13665	14889	18711	16579
35060	0.864	19231	13641	14889	18693	16618
35102	0.865	19231	13652	14889	18699	16654
35145	0.865	19231	13633	14889	18659	16637
35187	0.867	19231	13618	14889	18684	16690
35230	0.866	19231	13672	14889	18707	16670
35272	0.868	19231	13654	14889	18690	16710
35315	0.87	19231	13625	14889	18688	16732
35357	0.866	19231	13643	14889	18699	16655
35399	0.871	19231	13619	14889	18678	16757
35442	0.873	19231	13653	14889	18668	16798
35484	0.873	19231	13617	14889	18667	16804
35527	0.873	19231	13673	14889	18690	16800
35569	0.874	19231	13621	14889	18706	16825
35612	0.874	19231	13586	14889	18667	16820
35654	0.875	19231	13648	14889	18686	16833
35697	0.877	19231	13601	14889	18666	16872
35739	0.881	19231	13560	14889	18679	16948
35781	0.879	19231	13581	14889	18672	16919
35824	0.881	19231	13627	14889	18686	16949
35866	0.878	19231	13625	14889	18707	16887
35909	0.879	19231	13629	14889	18672	16908
35951	0.881	19231	13618	14889	18674	16954
35994	0.884	19231	13597	14889	18697	17004
36036	0.883	19231	13619	14889	18666	16995
36079	0.882	19231	13592	14889	18694	16979
36121	0.888	19231	13570	14889	18700	17086
36163	0.89	19231	13542	14889	18658	17134
36206	0.886	19231	13618	14889	18697	17054
36248	0.885	19231	13629	14889	18670	17035
36291	0.887	19231	13636	14889	18674	17066
36333	0.891	19231	13616	14889	18692	17150
36376	0.891	19231	13595	14889	18679	17142
36418	0.89	19231	13599	14889	18678	17128
36461	0.889	19231	13602	14889	18687	17107
36503	0.89	19231	13615	14889	18690	17119
36546	0.892	19231	13616	14889	18691	17166
36588	0.895	19231	13581	14889	18678	17229
36630	0.896	19231	13582	14889	18673	17242
36673	0.896	19231	13563	14889	18711	17239
36715	0.899	19231	13571	14889	18682	17306
36758	0.9	19231	13594	14889	18699	17312
36800	0.896	19231	13582	14889	18694	17237
36843	0.897	19231	13554	14889	18659	17258
36885	0.9	19231	13575	14889	18671	17323
36928	0.901	19231	13583	14889	18669	17333
36970	0.899	19231	13592	14889	18681	17292
37012	0.904	19231	13543	14889	18649	17388
37055	0.902	19231	13611	14889	18697	17355
37097	0.901	19231	13589	14889	18690	17340
37140	0.903	19231	13584	14889	18707	17377
37182	0.905	19231	13558	14889	18684	17409
37225	0.907	19231	13584	14889	18680	17447
37267	0.909	19231	13565	14889	18664	17492
37310	0.91	19231	13513	14889	18657	17507
37352	0.911	19231	13548	14889	18669	17525
37394	0.908	19231	13583	14889	18653	17468
37437	0.91	19231	13591	14889	18666	17508
37479	0.909	19231	13609	14889	18689	17484
37522	0.911	19231	13560	14889	18657	17526
37564	0.909	19231	13602	14889	18662	17499
37607	0.914	19231	13583	14889	18677	17581
37649	0.911	19231	13588	14889	18688	17536
37692	0.913	19231	13541	14889	18656	17566
37734	0.913	19231	13604	14889	18658	17562
37776	0.916	19231	13564	14889	18655	17634
37819	0.913	19231	13594	14889	18671	17569
37861	0.916	19231	13562	14889	18643	17621
37904	0.919	19231	13563	14889	18667	17681
37946	0.918	19231	13543	14889	18671	17669
37989	0.92	19231	13570	14889	18658	17696
38031	0.92	19231	13609	14889	18682	17694
38074	0.919	19231	13596	14889	18664	17680
38116	0.922	19231	13572	14889	18662	17732
38158	0.923	19231	13562	14889	18650	17766
38201	0.922	19231	13567	14889	18662	17744
38243	0.925	19231	13557	14889	18668	17804
38286	0.925	19231	13551	14889	18666	17791
38328	0.924	19231	13564	14889	18678	17780
38371	0.927	19231	13569	14889	18651	17828
38413	0.926	19231	13581	14889	18683	17813
38456	0.927	19231	13575	14889	18666	17845
38498	0.928	19231	13571	14889	18644	17850
38540	0.928	19231	13574	14889	18668	17862
38583	0.931	19231	13545	14889	18656	17918
38625	0.931	19231	13557	14889	18673	17920
38668	0.932	19231	13584	14889	18658	17926
38710	0.932	19231	13529	14889	18674	17932
38753	0.932	19231	13533	14889	18658	17927
38795	0.937	19231	13509	14889	18662	18024
38838	0.932	19231	13591	14889	18665	17935
38880	0.936	19231	13553	14889	18673	18003
38922	0.935	19231	13561	14889	18677	17997
38965	0.938	19231	13568	14889	18658	18049
39007	0.937	19231	13575	14889	18667	18034
39050	0.939	19231	13545	14889	18654	18066
39092	0.941	19231	13573	14889	18663	18111
39135	0.941	19231	13578	14889	18649	18109
39177	0.942	19231	13560	14889	18669	18124
39220	0.943	19231	13553	14889	18669	18147
39262	0.943	19231	13547	14889	18668	18145
39304	0.945	19231	13513	14889	18676	18190
39347	0.943	19231	13520	14889	18647	18150
39389	0.945	19231	13541	14889	18631	18175
39432	0.946	19231	13534	14889	18666	18203
39474	0.947	19231	13530	14889	18650	18215
39517	0.946	19231	13544	14889	18663	18200
39559	0.95	19231	13524	14889	18657	18281
39602	0.949	19231	13527	14889	18664	18263
39644	0.95	19231	13529	14889	18662	18275
39687	0.948	19231	13513	14889	18655	18241
39729	0.951	19231	13536	14889	18638	18295
39771	0.952	19231	13547	14889	18673	18327
39814	0.952	19231	13518	14889	18652	18313
39856	0.953	19231	13530	14889	18660	18344
39899	0.953	19231	13537	14889	18681	18346
39941	0.956	19231	13506	14889	18644	18398
39984	0.956	19231	13534	14889	18649	18404
40026	0.954	19231	13554	14889	18660	18347
40069	0.957	19231	13550	14889	18652	18414
40111	0.957	19231	13561	14889	18666	18417
40153	0.958	19231	13544	14889	18650	18424
40196	0.96	19231	13535	14889	18672	18466
40238	0.96	19231	13542	14889	18673	18475
40281	0.96	19231	13522	14889	18658	18470
40323	0.961	19231	13557	14889	18677	18494
40366	0.96	19231	13529	14889	18670	18477
40408	0.964	19231	13529	14889	18667	18543
40451	0.964	19231	13519	14889	18661	18550
40493	0.965	19231	13529	14889	18663	18564
40535	0.965	19231	13518	14889	18671	18572
40578	0.967	19231	13542	14889	18654	18602
40620	0.966	19231	13535	14889	18653	18596
40663	0.967	19231	13544	14889	18653	18610
40705	0.97	19231	13515	14889	18662	18658
40748	0.971	19231	13520	14889	18656	18676
40790	0.971	19231	13537	14889	18654	18676
40833	0.971	19231	13509	14889	18649	18687
40875	0.971	19231	13533	14889	18664	18687
40917	0.972	19231	13542	14889	18651	18708
40960	0.972	19231	13517	14889	18655	18696
41002	0.974	19231	13532	14889	18664	18734
41045	0.975	19231	13526	14889	18652	18759
41087	0.976	19231	13522	14889	18666	18780
41130	0.976	19231	13540	14889	18659	18772
41172	0.977	19231	13521	14889	18650	18803
41215	0.978	19231	13525	14889	18658	18812
41257	0.98	19231	13529	14889	18674	18847
41299	0.98	19231	13532	14889	18658	18860
41342	0.981	19231	13532	14889	18667	18871
41384	0.98	19231	13538	14889	18657	18852
41427	0.982	19231	13534	14889	18658	18886
41469	0.982	19231	13522	14889	18658	18888
41512	0.982	19231	13543	14889	18653	18892
41554	0.983	19231	13530	14889	18669	18914
41597	0.984	19231	13529	14889	18662	18930
41639	0.985	19231	13526	14889	18658	18952
41681	0.986	19231	13535	14889	18662	18972
41724	0.986	19231	13529	14889	18666	18970
41766	0.987	19231	13531	14889	18659	18994
41809	0.989	19231	13524	14889	18651	19024
41851	0.988	19231	13528	14889	18659	19012
41894	0.99	19231	13529	14889	18660	19046
41936	0.99	19231	13528	14889	18656	19054
41979	0.991	19231	13539	14889	18662	19074
42021	0.993	19231	13532	14889	18668	19100
42063	0.993	19231	13535	14889	18659	19104
42106	0.993	19231	13537	14889	18670	19109
42148	0.995	19231	13543	14889	18663	19135
42191	0.995	19231	13553	14889	18671	19135
42233	0.996	19231	13539	14889	18668	19164
42276	0.996	19231	13547	14889	18668	19164
42318	0.996	19231	13549	14889	18676	19173
42361	0.998	19231	13548	14889	18675	19205
42403	0.999	19231	13550	14889	18679	19217
42446	1	19231	13550	14889	18679	19231
