dist	 eta-scaled	Opt	Trust	Greedy	TrustGreedy	 eta-unslaced
0	0	19386	19386	14584	19386	0
42	0.004	19386	19366	14584	19383	84
84	0.008	19386	19354	14584	19380	163
127	0.012	19386	19328	14584	19381	236
169	0.016	19386	19321	14584	19384	321
212	0.019	19386	19297	14584	19379	381
254	0.023	19386	19263	14584	19377	456
297	0.026	19386	19262	14584	19374	521
339	0.03	19386	19242	14584	19377	594
382	0.033	19386	19220	14584	19369	657
424	0.037	19386	19212	14584	19377	723
466	0.041	19386	19177	14584	19369	801
509	0.044	19386	19131	14584	19372	858
551	0.047	19386	19143	14584	19369	929
594	0.05	19386	19137	14584	19371	975
636	0.055	19386	19098	14584	19367	1072
679	0.058	19386	19103	14584	19367	1125
721	0.06	19386	19069	14584	19365	1175
764	0.064	19386	19041	14584	19362	1257
806	0.067	19386	19036	14584	19365	1301
848	0.07	19386	19011	14584	19357	1376
891	0.072	19386	19013	14584	19355	1415
933	0.076	19386	18956	14584	19357	1491
976	0.078	19386	18986	14584	19356	1522
1018	0.083	19386	18917	14584	19349	1618
1061	0.085	19386	18925	14584	19350	1648
1103	0.089	19386	18864	14584	19339	1730
1146	0.091	19386	18841	14584	19351	1783
1188	0.093	19386	18867	14584	19353	1817
1230	0.098	19386	18813	14584	19344	1917
1273	0.099	19386	18824	14584	19336	1933
1315	0.103	19386	18792	14584	19336	2011
1358	0.107	19386	18761	14584	19340	2088
1400	0.106	19386	18775	14584	19328	2074
1443	0.11	19386	18741	14584	19336	2151
1485	0.115	19386	18692	14584	19326	2242
1528	0.117	19386	18718	14584	19325	2284
1570	0.12	19386	18655	14584	19333	2342
1612	0.122	19386	18675	14584	19343	2383
1655	0.126	19386	18611	14584	19325	2448
1697	0.128	19386	18605	14584	19338	2498
1740	0.131	19386	18591	14584	19322	2554
1782	0.133	19386	18578	14584	19322	2594
1825	0.136	19386	18535	14584	19318	2639
1867	0.139	19386	18574	14584	19322	2695
1910	0.142	19386	18516	14584	19313	2762
1952	0.145	19386	18508	14584	19320	2827
1994	0.148	19386	18467	14584	19322	2884
2037	0.151	19386	18465	14584	19320	2936
2079	0.152	19386	18447	14584	19314	2954
2122	0.156	19386	18400	14584	19314	3032
2164	0.159	19386	18389	14584	19307	3093
2207	0.16	19386	18398	14584	19314	3102
2249	0.161	19386	18465	14584	19317	3133
2292	0.165	19386	18338	14584	19310	3218
2334	0.168	19386	18352	14584	19315	3268
2376	0.171	19386	18303	14584	19304	3322
2419	0.175	19386	18298	14584	19318	3393
2461	0.178	19386	18267	14584	19293	3459
2504	0.18	19386	18253	14584	19289	3495
2546	0.181	19386	18214	14584	19302	3518
2589	0.185	19386	18205	14584	19312	3604
2631	0.186	19386	18220	14584	19290	3608
2674	0.189	19386	18168	14584	19289	3673
2716	0.19	19386	18143	14584	19295	3692
2758	0.195	19386	18112	14584	19285	3798
2801	0.197	19386	18131	14584	19285	3835
2843	0.198	19386	18114	14584	19288	3857
2886	0.201	19386	18101	14584	19274	3908
2928	0.204	19386	18067	14584	19293	3973
2971	0.207	19386	18057	14584	19285	4018
3013	0.21	19386	18030	14584	19289	4072
3056	0.213	19386	17969	14584	19280	4146
3098	0.216	19386	17960	14584	19286	4195
3141	0.218	19386	17944	14584	19261	4244
3183	0.221	19386	17947	14584	19284	4288
3225	0.224	19386	17958	14584	19283	4346
3268	0.224	19386	17920	14584	19280	4353
3310	0.227	19386	17896	14584	19261	4414
3353	0.228	19386	17914	14584	19276	4423
3395	0.233	19386	17823	14584	19256	4536
3438	0.233	19386	17799	14584	19266	4527
3480	0.235	19386	17828	14584	19261	4573
3523	0.238	19386	17751	14584	19265	4631
3565	0.244	19386	17783	14584	19265	4734
3607	0.242	19386	17762	14584	19272	4707
3650	0.247	19386	17756	14584	19259	4798
3692	0.249	19386	17679	14584	19255	4838
3735	0.252	19386	17683	14584	19244	4898
3777	0.256	19386	17670	14584	19267	4963
3820	0.257	19386	17654	14584	19267	4984
3862	0.258	19386	17664	14584	19248	5006
3905	0.262	19386	17613	14584	19246	5081
3947	0.263	19386	17579	14584	19232	5116
3989	0.266	19386	17571	14584	19243	5165
4032	0.269	19386	17565	14584	19255	5217
4074	0.272	19386	17516	14584	19245	5275
4117	0.272	19386	17515	14584	19262	5281
4159	0.274	19386	17491	14584	19259	5328
4202	0.277	19386	17488	14584	19261	5374
4244	0.279	19386	17473	14584	19242	5427
4287	0.281	19386	17449	14584	19255	5453
4329	0.287	19386	17408	14584	19251	5568
4371	0.284	19386	17474	14584	19235	5516
4414	0.288	19386	17411	14584	19243	5592
4456	0.29	19386	17394	14584	19236	5633
4499	0.293	19386	17344	14584	19234	5687
4541	0.296	19386	17344	14584	19230	5751
4584	0.3	19386	17307	14584	19245	5832
4626	0.3	19386	17311	14584	19242	5820
4669	0.303	19386	17262	14584	19227	5891
4711	0.304	19386	17247	14584	19233	5903
4753	0.307	19386	17248	14584	19235	5960
4796	0.311	19386	17173	14584	19232	6040
4838	0.31	19386	17241	14584	19228	6029
4881	0.311	19386	17147	14584	19199	6038
4923	0.313	19386	17178	14584	19225	6083
4966	0.319	19386	17173	14584	19225	6203
5008	0.322	19386	17135	14584	19220	6244
5051	0.322	19386	17135	14584	19220	6253
5093	0.324	19386	17068	14584	19202	6296
5135	0.325	19386	17086	14584	19222	6319
5178	0.33	19386	17040	14584	19221	6401
5220	0.333	19386	17000	14584	19204	6469
5263	0.335	19386	16974	14584	19198	6500
5305	0.335	19386	16997	14584	19218	6502
5348	0.339	19386	16951	14584	19190	6576
5390	0.344	19386	16898	14584	19206	6679
5433	0.343	19386	16944	14584	19215	6666
5475	0.345	19386	16949	14584	19208	6703
5517	0.348	19386	16853	14584	19191	6747
5560	0.349	19386	16870	14584	19182	6785
5602	0.35	19386	16895	14584	19213	6798
5645	0.352	19386	16805	14584	19194	6837
5687	0.355	19386	16835	14584	19206	6887
5730	0.358	19386	16789	14584	19200	6956
5772	0.359	19386	16793	14584	19177	6961
5815	0.362	19386	16787	14584	19169	7024
5857	0.364	19386	16785	14584	19209	7072
5899	0.365	19386	16730	14584	19195	7084
5942	0.371	19386	16680	14584	19165	7200
5984	0.373	19386	16616	14584	19183	7246
6027	0.373	19386	16640	14584	19182	7250
6069	0.375	19386	16598	14584	19173	7282
6112	0.377	19386	16585	14584	19179	7313
6154	0.381	19386	16603	14584	19179	7395
6197	0.379	19386	16592	14584	19186	7366
6239	0.38	19386	16603	14584	19168	7379
6282	0.385	19386	16512	14584	19164	7475
6324	0.388	19386	16496	14584	19177	7524
6366	0.39	19386	16497	14584	19167	7575
6409	0.394	19386	16428	14584	19171	7653
6451	0.39	19386	16482	14584	19171	7574
6494	0.396	19386	16449	14584	19169	7692
6536	0.398	19386	16455	14584	19177	7724
6579	0.401	19386	16416	14584	19175	7781
6621	0.399	19386	16443	14584	19154	7743
6664	0.404	19386	16376	14584	19159	7850
6706	0.404	19386	16292	14584	19133	7838
6748	0.405	19386	16362	14584	19164	7856
6791	0.408	19386	16389	14584	19161	7911
6833	0.412	19386	16306	14584	19150	8006
6876	0.415	19386	16303	14584	19158	8050
6918	0.415	19386	16294	14584	19155	8061
6961	0.417	19386	16297	14584	19152	8089
7003	0.42	19386	16236	14584	19159	8147
7046	0.42	19386	16205	14584	19149	8159
7088	0.423	19386	16178	14584	19152	8215
7130	0.423	19386	16207	14584	19146	8215
7173	0.428	19386	16184	14584	19166	8301
7215	0.432	19386	16131	14584	19130	8384
7258	0.432	19386	16145	14584	19140	8380
7300	0.436	19386	16085	14584	19146	8464
7343	0.436	19386	16105	14584	19134	8458
7385	0.438	19386	16016	14584	19132	8506
7428	0.44	19386	16054	14584	19157	8531
7470	0.439	19386	16074	14584	19132	8525
7512	0.446	19386	16024	14584	19134	8649
7555	0.449	19386	15972	14584	19136	8717
7597	0.445	19386	15978	14584	19135	8634
7640	0.451	19386	15919	14584	19114	8755
7682	0.449	19386	15961	14584	19100	8717
7725	0.451	19386	15912	14584	19128	8759
7767	0.454	19386	15915	14584	19144	8808
7810	0.458	19386	15864	14584	19140	8891
7852	0.459	19386	15857	14584	19123	8901
7894	0.462	19386	15851	14584	19117	8973
7937	0.464	19386	15785	14584	19123	9007
7979	0.463	19386	15893	14584	19134	8984
8022	0.469	19386	15800	14584	19103	9093
8064	0.472	19386	15693	14584	19119	9158
8107	0.47	19386	15761	14584	19140	9120
8149	0.474	19386	15708	14584	19131	9196
8192	0.476	19386	15718	14584	19117	9232
8234	0.481	19386	15619	14584	19117	9327
8276	0.48	19386	15673	14584	19110	9319
8319	0.485	19386	15581	14584	19104	9404
8361	0.482	19386	15647	14584	19113	9355
8404	0.488	19386	15547	14584	19081	9475
8446	0.488	19386	15576	14584	19089	9477
8489	0.492	19386	15547	14584	19114	9546
8531	0.494	19386	15533	14584	19113	9578
8574	0.498	19386	15452	14584	19124	9668
8616	0.497	19386	15504	14584	19099	9653
8658	0.5	19386	15510	14584	19126	9694
8701	0.498	19386	15503	14584	19085	9671
8743	0.502	19386	15451	14584	19080	9747
8786	0.505	19386	15402	14584	19103	9792
8828	0.504	19386	15450	14584	19101	9786
8871	0.505	19386	15385	14584	19103	9808
8913	0.511	19386	15357	14584	19104	9907
8956	0.512	19386	15322	14584	19098	9929
8998	0.51	19386	15341	14584	19093	9890
9040	0.516	19386	15369	14584	19112	10010
9083	0.517	19386	15292	14584	19089	10033
9125	0.519	19386	15282	14584	19094	10069
9168	0.521	19386	15220	14584	19075	10109
9210	0.523	19386	15161	14584	19087	10146
9253	0.526	19386	15172	14584	19091	10210
9295	0.526	19386	15187	14584	19096	10204
9338	0.528	19386	15161	14584	19074	10254
9380	0.527	19386	15187	14584	19099	10233
9423	0.533	19386	15052	14584	19075	10342
9465	0.539	19386	15056	14584	19063	10451
9507	0.535	19386	15125	14584	19070	10375
9550	0.538	19386	15086	14584	19063	10433
9592	0.538	19386	15101	14584	19086	10440
9635	0.542	19386	15095	14584	19071	10519
9677	0.545	19386	14962	14584	19083	10584
9720	0.544	19386	15018	14584	19092	10560
9762	0.542	19386	15056	14584	19094	10521
9805	0.546	19386	14966	14584	19082	10604
9847	0.55	19386	14952	14584	19074	10670
9889	0.552	19386	14980	14584	19066	10703
9932	0.554	19386	14887	14584	19072	10744
9974	0.558	19386	14870	14584	19063	10835
10017	0.563	19386	14810	14584	19060	10928
10059	0.56	19386	14893	14584	19082	10870
10102	0.563	19386	14806	14584	19063	10927
10144	0.567	19386	14695	14584	19057	11000
10187	0.564	19386	14813	14584	19082	10944
10229	0.566	19386	14743	14584	19049	10987
10271	0.566	19386	14810	14584	19069	10976
10314	0.573	19386	14673	14584	19052	11113
10356	0.576	19386	14650	14584	19056	11172
10399	0.576	19386	14700	14584	19057	11172
10441	0.575	19386	14686	14584	19059	11157
10484	0.579	19386	14610	14584	19039	11229
10526	0.578	19386	14661	14584	19050	11208
10569	0.582	19386	14616	14584	19054	11296
10611	0.583	19386	14600	14584	19047	11317
10653	0.589	19386	14547	14584	19041	11432
10696	0.588	19386	14535	14584	19056	11417
10738	0.593	19386	14489	14584	19054	11496
10781	0.593	19386	14468	14584	19009	11504
10823	0.592	19386	14502	14584	19020	11477
10866	0.594	19386	14469	14584	19036	11519
10908	0.593	19386	14481	14584	19028	11513
10951	0.598	19386	14454	14584	19027	11597
10993	0.6	19386	14423	14584	19023	11635
11035	0.604	19386	14363	14584	19038	11726
11078	0.605	19386	14454	14584	19030	11746
11120	0.61	19386	14319	14584	19001	11840
11163	0.606	19386	14347	14584	19026	11757
11205	0.61	19386	14311	14584	19043	11836
11248	0.614	19386	14252	14584	19025	11921
11290	0.616	19386	14256	14584	19036	11949
11333	0.616	19386	14217	14584	18999	11958
11375	0.617	19386	14275	14584	19012	11966
11417	0.616	19386	14259	14584	19036	11958
11460	0.618	19386	14220	14584	19028	11983
11502	0.622	19386	14172	14584	19007	12070
11545	0.623	19386	14170	14584	19006	12087
11587	0.625	19386	14074	14584	18994	12135
11630	0.628	19386	14131	14584	18998	12178
11672	0.628	19386	14119	14584	19002	12190
11715	0.631	19386	14056	14584	19023	12234
11757	0.632	19386	14057	14584	19003	12266
11799	0.636	19386	14023	14584	19005	12334
11842	0.637	19386	14006	14584	19019	12350
11884	0.638	19386	14018	14584	19000	12372
11927	0.638	19386	14021	14584	18999	12379
11969	0.642	19386	13966	14584	18984	12458
12012	0.64	19386	13997	14584	19017	12415
12054	0.643	19386	13939	14584	18987	12476
12097	0.644	19386	13891	14584	18985	12485
12139	0.649	19386	13861	14584	18982	12588
12182	0.651	19386	13873	14584	18988	12639
12224	0.65	19386	13899	14584	19011	12619
12266	0.653	19386	13843	14584	18993	12665
12309	0.654	19386	13837	14584	18968	12685
12351	0.656	19386	13815	14584	18997	12735
12394	0.655	19386	13822	14584	19000	12712
12436	0.659	19386	13717	14584	18974	12794
12479	0.665	19386	13684	14584	18966	12898
12521	0.664	19386	13708	14584	18996	12878
12564	0.662	19386	13795	14584	18975	12849
12606	0.669	19386	13684	14584	18999	12987
12648	0.668	19386	13651	14584	18956	12967
12691	0.672	19386	13624	14584	19001	13045
12733	0.672	19386	13624	14584	18993	13041
12776	0.676	19386	13617	14584	18979	13112
12818	0.678	19386	13576	14584	18980	13160
12861	0.681	19386	13538	14584	18977	13209
12903	0.682	19386	13502	14584	18986	13224
12946	0.684	19386	13478	14584	19002	13270
12988	0.685	19386	13451	14584	18954	13297
13030	0.683	19386	13567	14584	18975	13250
13073	0.687	19386	13498	14584	18959	13329
13115	0.691	19386	13422	14584	18955	13409
13158	0.695	19386	13325	14584	18957	13480
13200	0.689	19386	13442	14584	18982	13376
13243	0.691	19386	13355	14584	18942	13402
13285	0.696	19386	13381	14584	18944	13504
13328	0.698	19386	13340	14584	18958	13534
13370	0.703	19386	13238	14584	18934	13629
13412	0.701	19386	13307	14584	18956	13601
13455	0.702	19386	13305	14584	18948	13615
13497	0.7	19386	13296	14584	18959	13578
13540	0.708	19386	13285	14584	18960	13730
13582	0.705	19386	13275	14584	18945	13670
13625	0.708	19386	13275	14584	18967	13742
13667	0.709	19386	13183	14584	18952	13759
13710	0.713	19386	13164	14584	18946	13833
13752	0.716	19386	13140	14584	18940	13889
13794	0.717	19386	13077	14584	18926	13907
13837	0.715	19386	13158	14584	18940	13879
13879	0.716	19386	13156	14584	18947	13898
13922	0.721	19386	13129	14584	18914	13978
13964	0.722	19386	13053	14584	18938	13997
14007	0.723	19386	13065	14584	18937	14035
14049	0.725	19386	13021	14584	18919	14070
14092	0.731	19386	12978	14584	18916	14174
14134	0.729	19386	12977	14584	18949	14144
14176	0.731	19386	12916	14584	18935	14176
14219	0.728	19386	12989	14584	18907	14131
14261	0.738	19386	12826	14584	18903	14308
14304	0.736	19386	12900	14584	18920	14281
14346	0.738	19386	12877	14584	18903	14314
14389	0.741	19386	12874	14584	18913	14383
14431	0.736	19386	12952	14584	18943	14278
14474	0.746	19386	12774	14584	18909	14466
14516	0.746	19386	12800	14584	18905	14463
14558	0.745	19386	12784	14584	18918	14457
14601	0.746	19386	12845	14584	18871	14473
14643	0.746	19386	12837	14584	18922	14479
14686	0.753	19386	12760	14584	18893	14612
14728	0.752	19386	12721	14584	18934	14592
14771	0.761	19386	12608	14584	18898	14761
14813	0.754	19386	12702	14584	18882	14625
14856	0.756	19386	12695	14584	18866	14659
14898	0.762	19386	12677	14584	18914	14779
14940	0.759	19386	12612	14584	18909	14721
14983	0.762	19386	12651	14584	18925	14791
15025	0.763	19386	12575	14584	18886	14804
15068	0.764	19386	12567	14584	18893	14828
15110	0.768	19386	12524	14584	18898	14898
15153	0.768	19386	12537	14584	18874	14904
15195	0.773	19386	12431	14584	18877	14994
15238	0.772	19386	12460	14584	18877	14984
15280	0.775	19386	12403	14584	18886	15040
15323	0.775	19386	12532	14584	18906	15028
15365	0.778	19386	12374	14584	18897	15099
15407	0.779	19386	12366	14584	18849	15109
15450	0.789	19386	12295	14584	18896	15305
15492	0.778	19386	12456	14584	18876	15087
15535	0.782	19386	12409	14584	18885	15172
15577	0.786	19386	12335	14584	18878	15248
15620	0.791	19386	12268	14584	18860	15338
15662	0.793	19386	12249	14584	18877	15387
15705	0.792	19386	12253	14584	18909	15362
15747	0.79	19386	12316	14584	18899	15327
15789	0.791	19386	12216	14584	18884	15348
15832	0.797	19386	12193	14584	18861	15470
15874	0.8	19386	12112	14584	18867	15512
15917	0.799	19386	12184	14584	18850	15502
15959	0.804	19386	12072	14584	18855	15593
16002	0.805	19386	12108	14584	18870	15616
16044	0.805	19386	12095	14584	18871	15617
16087	0.808	19386	12084	14584	18874	15665
16129	0.808	19386	12056	14584	18862	15683
16171	0.811	19386	12026	14584	18841	15735
16214	0.814	19386	11990	14584	18869	15781
16256	0.816	19386	11955	14584	18869	15832
16299	0.816	19386	11965	14584	18871	15835
16341	0.814	19386	12007	14584	18845	15788
16384	0.816	19386	11966	14584	18837	15830
16426	0.818	19386	11927	14584	18869	15873
16469	0.821	19386	11899	14584	18866	15923
16511	0.825	19386	11913	14584	18853	15999
16553	0.827	19386	11884	14584	18861	16044
16596	0.828	19386	11787	14584	18873	16059
16638	0.828	19386	11910	14584	18814	16053
16681	0.829	19386	11761	14584	18844	16080
16723	0.83	19386	11807	14584	18827	16105
16766	0.833	19386	11813	14584	18869	16152
16808	0.836	19386	11811	14584	18834	16207
16851	0.837	19386	11719	14584	18882	16231
16893	0.839	19386	11708	14584	18833	16272
16935	0.837	19386	11709	14584	18838	16235
16978	0.839	19386	11668	14584	18849	16276
17020	0.841	19386	11693	14584	18849	16305
17063	0.841	19386	11743	14584	18832	16322
17105	0.844	19386	11645	14584	18832	16367
17148	0.848	19386	11580	14584	18847	16458
17190	0.848	19386	11595	14584	18840	16447
17233	0.847	19386	11606	14584	18812	16436
17275	0.854	19386	11540	14584	18791	16561
17317	0.852	19386	11533	14584	18823	16531
17360	0.852	19386	11564	14584	18829	16526
17402	0.856	19386	11545	14584	18805	16603
17445	0.856	19386	11526	14584	18838	16612
17487	0.864	19386	11414	14584	18805	16760
17530	0.861	19386	11431	14584	18798	16707
17572	0.863	19386	11354	14584	18819	16731
17615	0.867	19386	11341	14584	18814	16811
17657	0.862	19386	11465	14584	18842	16724
17699	0.867	19386	11371	14584	18833	16825
17742	0.87	19386	11322	14584	18850	16866
17784	0.873	19386	11270	14584	18784	16938
17827	0.873	19386	11211	14584	18817	16936
17869	0.877	19386	11290	14584	18785	17017
17912	0.876	19386	11260	14584	18788	16990
17954	0.879	19386	11240	14584	18801	17058
17997	0.88	19386	11236	14584	18801	17070
18039	0.882	19386	11147	14584	18758	17113
18081	0.882	19386	11207	14584	18805	17100
18124	0.887	19386	11145	14584	18791	17198
18166	0.884	19386	11175	14584	18790	17151
18209	0.884	19386	11238	14584	18775	17140
18251	0.889	19386	11079	14584	18794	17252
18294	0.893	19386	11100	14584	18778	17315
18336	0.89	19386	11074	14584	18795	17272
18379	0.893	19386	11055	14584	18790	17327
18421	0.892	19386	11088	14584	18792	17297
18464	0.898	19386	11002	14584	18799	17416
18506	0.904	19386	10895	14584	18735	17528
18548	0.899	19386	11005	14584	18767	17446
18591	0.901	19386	10973	14584	18755	17482
18633	0.905	19386	10927	14584	18738	17550
18676	0.905	19386	10991	14584	18759	17547
18718	0.905	19386	10969	14584	18770	17562
18761	0.906	19386	10880	14584	18776	17569
18803	0.909	19386	10893	14584	18775	17630
18846	0.91	19386	10856	14584	18779	17655
18888	0.912	19386	10837	14584	18773	17698
18930	0.917	19386	10691	14584	18751	17786
18973	0.917	19386	10750	14584	18770	17780
19015	0.918	19386	10789	14584	18761	17799
19058	0.92	19386	10702	14584	18759	17845
19100	0.922	19386	10734	14584	18776	17878
19143	0.924	19386	10680	14584	18790	17932
19185	0.925	19386	10663	14584	18778	17943
19228	0.924	19386	10622	14584	18760	17922
19270	0.926	19386	10604	14584	18761	17964
19312	0.933	19386	10551	14584	18768	18104
19355	0.927	19386	10685	14584	18799	17979
19397	0.93	19386	10587	14584	18760	18036
19440	0.929	19386	10619	14584	18753	18027
19482	0.938	19386	10538	14584	18723	18193
19525	0.935	19386	10551	14584	18756	18143
19567	0.94	19386	10475	14584	18717	18233
19610	0.94	19386	10509	14584	18761	18234
19652	0.938	19386	10407	14584	18762	18199
19694	0.943	19386	10451	14584	18766	18295
19737	0.945	19386	10436	14584	18767	18328
19779	0.944	19386	10409	14584	18777	18309
19822	0.946	19386	10453	14584	18753	18356
19864	0.949	19386	10349	14584	18712	18415
19907	0.952	19386	10318	14584	18736	18470
19949	0.953	19386	10339	14584	18740	18492
19992	0.955	19386	10314	14584	18743	18522
20034	0.955	19386	10235	14584	18740	18531
20076	0.951	19386	10384	14584	18740	18446
20119	0.957	19386	10266	14584	18740	18569
20161	0.962	19386	10182	14584	18718	18659
20204	0.962	19386	10272	14584	18722	18655
20246	0.96	19386	10262	14584	18730	18611
20289	0.969	19386	10096	14584	18681	18787
20331	0.963	19386	10201	14584	18714	18683
20374	0.966	19386	10196	14584	18726	18727
20416	0.968	19386	10173	14584	18731	18773
20458	0.97	19386	10132	14584	18698	18809
20501	0.973	19386	10050	14584	18694	18880
20543	0.975	19386	10035	14584	18704	18912
20586	0.977	19386	10017	14584	18686	18941
20628	0.976	19386	10044	14584	18739	18924
20671	0.979	19386	10033	14584	18712	18989
20713	0.978	19386	10030	14584	18732	18973
20756	0.983	19386	9997	14584	18723	19058
20798	0.984	19386	9932	14584	18721	19077
20840	0.984	19386	9968	14584	18706	19091
20883	0.987	19386	9907	14584	18717	19134
20925	0.989	19386	9827	14584	18680	19184
20968	0.991	19386	9867	14584	18725	19223
21010	0.991	19386	9901	14584	18701	19216
21053	0.996	19386	9738	14584	18700	19325
21095	0.992	19386	9834	14584	18719	19235
21138	0.995	19386	9885	14584	18719	19292
21180	0.996	19386	9724	14584	18700	19320
21223	0.999	19386	9773	14584	18672	19376
21265	0.999	19386	9796	14584	18736	19375
21307	0.996	19386	9793	14584	18678	19320
21350	1.007	19386	9699	14584	18693	19537
21392	1.002	19386	9731	14584	18733	19443
21435	1.004	19386	9644	14584	18717	19480
21477	1.01	19386	9686	14584	18704	19587
21520	1.008	19386	9663	14584	18711	19560
21562	1.013	19386	9649	14584	18722	19639
21605	1.012	19386	9554	14584	18705	19623
21647	1.014	19386	9555	14584	18715	19663
21689	1.017	19386	9540	14584	18695	19725
21732	1.018	19386	9528	14584	18700	19739
21774	1.014	19386	9561	14584	18675	19672
21817	1.018	19386	9516	14584	18661	19751
21859	1.025	19386	9514	14584	18694	19875
21902	1.022	19386	9514	14584	18711	19830
21944	1.026	19386	9467	14584	18706	19898
21987	1.023	19386	9377	14584	18680	19845
22029	1.026	19386	9393	14584	18639	19897
22071	1.029	19386	9360	14584	18671	19953
22114	1.03	19386	9362	14584	18678	19985
22156	1.031	19386	9290	14584	18659	19987
22199	1.032	19386	9327	14584	18672	20021
22241	1.038	19386	9251	14584	18672	20125
22284	1.04	19386	9267	14584	18682	20172
22326	1.042	19386	9193	14584	18709	20209
22369	1.038	19386	9251	14584	18664	20134
22411	1.038	19386	9278	14584	18679	20131
22453	1.041	19386	9189	14584	18655	20183
22496	1.042	19386	9178	14584	18670	20211
22538	1.046	19386	9136	14584	18644	20286
22581	1.045	19386	9139	14584	18672	20272
22623	1.049	19386	9103	14584	18689	20353
22666	1.049	19386	9124	14584	18682	20346
22708	1.049	19386	9097	14584	18654	20346
22751	1.054	19386	9072	14584	18671	20452
22793	1.058	19386	8934	14584	18639	20528
22835	1.054	19386	9056	14584	18703	20439
22878	1.053	19386	9054	14584	18680	20420
22920	1.057	19386	8992	14584	18654	20498
22963	1.061	19386	8933	14584	18654	20574
23005	1.06	19386	8987	14584	18668	20566
23048	1.059	19386	8957	14584	18681	20541
23090	1.065	19386	8908	14584	18655	20658
23133	1.06	19386	8951	14584	18630	20560
23175	1.07	19386	8833	14584	18630	20762
23217	1.073	19386	8796	14584	18629	20808
23260	1.07	19386	8862	14584	18634	20754
23302	1.073	19386	8839	14584	18644	20807
23345	1.075	19386	8797	14584	18627	20851
23387	1.076	19386	8765	14584	18655	20866
23430	1.074	19386	8772	14584	18646	20831
23472	1.076	19386	8825	14584	18649	20867
23515	1.073	19386	8838	14584	18632	20815
23557	1.081	19386	8701	14584	18630	20959
23599	1.085	19386	8599	14584	18622	21043
23642	1.083	19386	8738	14584	18621	20998
23684	1.089	19386	8562	14584	18619	21116
23727	1.09	19386	8562	14584	18638	21131
23769	1.09	19386	8504	14584	18625	21139
23812	1.089	19386	8603	14584	18628	21118
23854	1.087	19386	8586	14584	18647	21078
23897	1.095	19386	8417	14584	18653	21244
23939	1.093	19386	8559	14584	18661	21195
23981	1.097	19386	8459	14584	18636	21285
24024	1.092	19386	8554	14584	18622	21171
24066	1.096	19386	8417	14584	18621	21259
24109	1.096	19386	8456	14584	18633	21264
24151	1.102	19386	8419	14584	18616	21375
24194	1.098	19386	8408	14584	18584	21299
24236	1.099	19386	8462	14584	18620	21316
24279	1.103	19386	8422	14584	18630	21402
24321	1.107	19386	8328	14584	18619	21475
24364	1.106	19386	8376	14584	18618	21450
24406	1.113	19386	8200	14584	18605	21581
24448	1.109	19386	8314	14584	18640	21518
24491	1.113	19386	8224	14584	18587	21585
24533	1.114	19386	8242	14584	18603	21609
24576	1.117	19386	8241	14584	18598	21673
24618	1.117	19386	8193	14584	18595	21668
24661	1.116	19386	8155	14584	18584	21646
24703	1.121	19386	8213	14584	18594	21736
24746	1.117	19386	8203	14584	18600	21673
24788	1.118	19386	8204	14584	18604	21692
24830	1.127	19386	8076	14584	18607	21864
24873	1.125	19386	8134	14584	18620	21824
24915	1.125	19386	8055	14584	18595	21818
24958	1.127	19386	8107	14584	18602	21850
25000	1.131	19386	8032	14584	18590	21938
25043	1.128	19386	8095	14584	18590	21884
25085	1.135	19386	7965	14584	18580	22010
25128	1.135	19386	8008	14584	18593	22016
25170	1.138	19386	7941	14584	18591	22073
25212	1.138	19386	7912	14584	18570	22078
25255	1.138	19386	7959	14584	18580	22070
25297	1.135	19386	8029	14584	18590	22020
25340	1.14	19386	7941	14584	18589	22112
25382	1.143	19386	7880	14584	18580	22170
25425	1.147	19386	7794	14584	18596	22255
25467	1.143	19386	7884	14584	18575	22164
25510	1.146	19386	7824	14584	18582	22224
25552	1.152	19386	7713	14584	18581	22343
25594	1.151	19386	7819	14584	18580	22315
25637	1.152	19386	7728	14584	18574	22350
25679	1.155	19386	7678	14584	18535	22393
25722	1.152	19386	7747	14584	18569	22343
25764	1.156	19386	7676	14584	18555	22426
25807	1.158	19386	7647	14584	18578	22450
25849	1.162	19386	7638	14584	18591	22528
25892	1.16	19386	7608	14584	18548	22493
25934	1.159	19386	7677	14584	18547	22487
25976	1.162	19386	7618	14584	18571	22530
26019	1.162	19386	7599	14584	18555	22536
26061	1.164	19386	7661	14584	18556	22579
26104	1.167	19386	7532	14584	18535	22639
26146	1.165	19386	7643	14584	18552	22597
26189	1.168	19386	7511	14584	18541	22652
26231	1.174	19386	7453	14584	18541	22761
26274	1.173	19386	7452	14584	18587	22750
26316	1.174	19386	7469	14584	18555	22770
26358	1.178	19386	7463	14584	18550	22841
26401	1.174	19386	7439	14584	18572	22774
26443	1.178	19386	7408	14584	18541	22840
26486	1.178	19386	7389	14584	18560	22855
26528	1.179	19386	7394	14584	18530	22861
26571	1.183	19386	7343	14584	18566	22944
26613	1.187	19386	7273	14584	18526	23022
26656	1.183	19386	7362	14584	18547	22952
26698	1.185	19386	7327	14584	18554	22976
26740	1.187	19386	7237	14584	18542	23030
26783	1.188	19386	7361	14584	18566	23043
26825	1.192	19386	7191	14584	18532	23115
26868	1.192	19386	7245	14584	18537	23112
26910	1.192	19386	7266	14584	18526	23114
26953	1.196	19386	7109	14584	18556	23188
26995	1.2	19386	7122	14584	18532	23268
27038	1.198	19386	7143	14584	18549	23241
27080	1.201	19386	7133	14584	18522	23287
27122	1.198	19386	7125	14584	18554	23226
27165	1.204	19386	7058	14584	18504	23359
27207	1.204	19386	7112	14584	18511	23343
27250	1.208	19386	6981	14584	18494	23423
27292	1.21	19386	6976	14584	18517	23473
27335	1.205	19386	7062	14584	18548	23374
27377	1.212	19386	6938	14584	18491	23500
27420	1.209	19386	7065	14584	18573	23450
27462	1.212	19386	6955	14584	18532	23503
27505	1.213	19386	6988	14584	18512	23524
27547	1.216	19386	6956	14584	18532	23581
27589	1.214	19386	6905	14584	18544	23547
27632	1.219	19386	6880	14584	18503	23642
27674	1.219	19386	6846	14584	18496	23644
27717	1.223	19386	6775	14584	18521	23710
27759	1.224	19386	6741	14584	18481	23742
27802	1.227	19386	6752	14584	18511	23791
27844	1.227	19386	6769	14584	18485	23798
27887	1.227	19386	6712	14584	18473	23803
27929	1.227	19386	6721	14584	18505	23794
27971	1.225	19386	6753	14584	18504	23763
28014	1.227	19386	6702	14584	18511	23800
28056	1.232	19386	6728	14584	18502	23886
28099	1.233	19386	6634	14584	18492	23904
28141	1.232	19386	6639	14584	18516	23897
28184	1.233	19386	6678	14584	18495	23906
28226	1.238	19386	6630	14584	18469	24001
28269	1.237	19386	6578	14584	18487	23984
28311	1.237	19386	6566	14584	18492	23983
28353	1.242	19386	6473	14584	18486	24093
28396	1.24	19386	6542	14584	18506	24049
28438	1.241	19386	6528	14584	18491	24059
28481	1.246	19386	6481	14584	18472	24155
28523	1.244	19386	6497	14584	18490	24129
28566	1.252	19386	6320	14584	18452	24284
28608	1.256	19386	6344	14584	18482	24360
28651	1.248	19386	6450	14584	18509	24207
28693	1.255	19386	6346	14584	18465	24338
28735	1.254	19386	6320	14584	18465	24323
28778	1.254	19386	6382	14584	18487	24317
28820	1.256	19386	6257	14584	18474	24366
28863	1.258	19386	6277	14584	18498	24390
28905	1.255	19386	6313	14584	18478	24347
28948	1.263	19386	6263	14584	18472	24486
28990	1.261	19386	6230	14584	18466	24462
29033	1.262	19386	6199	14584	18465	24466
29075	1.263	19386	6192	14584	18444	24487
29117	1.264	19386	6213	14584	18480	24512
29160	1.266	19386	6188	14584	18473	24547
29202	1.268	19386	6194	14584	18474	24597
29245	1.272	19386	6123	14584	18455	24669
29287	1.273	19386	6082	14584	18437	24681
29330	1.27	19386	6114	14584	18478	24622
29372	1.271	19386	6110	14584	18463	24646
29415	1.276	19386	6064	14584	18460	24751
29457	1.274	19386	6086	14584	18444	24712
29499	1.278	19386	6066	14584	18491	24793
29542	1.275	19386	6040	14584	18454	24728
29584	1.278	19386	5981	14584	18478	24780
29627	1.281	19386	6008	14584	18466	24841
29669	1.281	19386	5962	14584	18444	24840
29712	1.287	19386	5886	14584	18440	24961
29754	1.288	19386	5856	14584	18424	24988
29797	1.284	19386	5881	14584	18456	24903
29839	1.286	19386	5880	14584	18460	24940
29881	1.289	19386	5854	14584	18432	24994
29924	1.289	19386	5873	14584	18428	24991
29966	1.289	19386	5877	14584	18418	24992
30009	1.293	19386	5792	14584	18453	25075
30051	1.296	19386	5750	14584	18425	25136
30094	1.293	19386	5805	14584	18435	25072
30136	1.296	19386	5752	14584	18438	25143
30179	1.301	19386	5766	14584	18426	25231
30221	1.301	19386	5728	14584	18439	25228
30263	1.299	19386	5677	14584	18449	25201
30306	1.301	19386	5685	14584	18424	25237
30348	1.305	19386	5612	14584	18428	25305
30391	1.306	19386	5618	14584	18405	25334
30433	1.311	19386	5489	14584	18400	25416
30476	1.31	19386	5542	14584	18440	25413
30518	1.311	19386	5587	14584	18425	25432
30561	1.308	19386	5599	14584	18407	25357
30603	1.316	19386	5490	14584	18421	25517
30646	1.314	19386	5547	14584	18409	25485
30688	1.315	19386	5493	14584	18419	25503
30730	1.317	19386	5441	14584	18375	25538
30773	1.32	19386	5412	14584	18364	25607
30815	1.321	19386	5430	14584	18387	25610
30858	1.324	19386	5395	14584	18377	25670
30900	1.32	19386	5428	14584	18390	25603
30943	1.322	19386	5412	14584	18378	25630
30985	1.324	19386	5361	14584	18383	25668
31028	1.328	19386	5285	14584	18379	25748
31070	1.327	19386	5321	14584	18387	25738
31112	1.33	19386	5284	14584	18365	25801
31155	1.334	19386	5264	14584	18367	25877
31197	1.328	19386	5331	14584	18367	25752
31240	1.328	19386	5333	14584	18362	25758
31282	1.333	19386	5265	14584	18359	25858
31325	1.337	19386	5213	14584	18385	25920
31367	1.338	19386	5146	14584	18363	25943
31410	1.342	19386	5077	14584	18406	26027
31452	1.342	19386	5144	14584	18376	26034
31494	1.34	19386	5105	14584	18356	25993
31537	1.339	19386	5186	14584	18388	25958
31579	1.344	19386	5066	14584	18332	26056
31622	1.344	19386	5094	14584	18364	26064
31664	1.346	19386	5051	14584	18347	26107
31707	1.349	19386	4987	14584	18326	26167
31749	1.35	19386	5015	14584	18366	26189
31792	1.351	19386	4998	14584	18370	26197
31834	1.353	19386	4971	14584	18386	26232
31876	1.353	19386	4982	14584	18363	26230
31919	1.356	19386	4878	14584	18362	26301
31961	1.355	19386	4938	14584	18365	26277
32004	1.359	19386	4938	14584	18355	26348
32046	1.358	19386	4915	14584	18345	26329
32089	1.358	19386	4898	14584	18325	26332
32131	1.363	19386	4786	14584	18335	26424
32174	1.364	19386	4784	14584	18363	26454
32216	1.365	19386	4791	14584	18346	26467
32258	1.367	19386	4767	14584	18362	26518
32301	1.368	19386	4791	14584	18350	26538
32343	1.365	19386	4797	14584	18331	26464
32386	1.372	19386	4622	14584	18354	26608
32428	1.371	19386	4692	14584	18338	26593
32471	1.372	19386	4710	14584	18355	26599
32513	1.375	19386	4646	14584	18326	26669
32556	1.375	19386	4626	14584	18314	26663
32598	1.377	19386	4661	14584	18343	26704
32640	1.379	19386	4591	14584	18332	26735
32683	1.376	19386	4607	14584	18316	26686
32725	1.381	19386	4528	14584	18335	26779
32768	1.38	19386	4595	14584	18305	26772
32810	1.38	19386	4579	14584	18358	26771
32853	1.384	19386	4493	14584	18320	26847
32895	1.388	19386	4460	14584	18295	26912
32938	1.394	19386	4349	14584	18311	27029
32980	1.391	19386	4417	14584	18323	26975
33022	1.39	19386	4455	14584	18316	26964
33065	1.39	19386	4387	14584	18335	26964
33107	1.39	19386	4457	14584	18314	26964
33150	1.394	19386	4387	14584	18303	27029
33192	1.393	19386	4408	14584	18317	27018
33235	1.396	19386	4355	14584	18293	27071
33277	1.396	19386	4335	14584	18277	27073
33320	1.397	19386	4312	14584	18284	27100
33362	1.402	19386	4285	14584	18326	27197
33405	1.402	19386	4291	14584	18303	27190
33447	1.404	19386	4201	14584	18312	27226
33489	1.406	19386	4190	14584	18310	27264
33532	1.406	19386	4146	14584	18295	27272
33574	1.408	19386	4213	14584	18277	27297
33617	1.407	19386	4151	14584	18266	27289
33659	1.407	19386	4189	14584	18261	27294
33702	1.41	19386	4128	14584	18281	27340
33744	1.413	19386	4069	14584	18278	27401
33787	1.414	19386	4036	14584	18281	27419
33829	1.418	19386	4037	14584	18281	27493
33871	1.413	19386	4131	14584	18283	27411
33914	1.418	19386	4046	14584	18275	27492
33956	1.42	19386	3941	14584	18260	27532
33999	1.421	19386	3990	14584	18288	27564
34041	1.419	19386	3996	14584	18279	27525
34084	1.42	19386	3950	14584	18292	27541
34126	1.423	19386	3935	14584	18249	27597
34169	1.425	19386	3896	14584	18272	27641
34211	1.424	19386	3953	14584	18249	27621
34253	1.43	19386	3838	14584	18274	27728
34296	1.428	19386	3942	14584	18292	27695
34338	1.433	19386	3776	14584	18297	27791
34381	1.43	19386	3860	14584	18269	27733
34423	1.433	19386	3780	14584	18269	27783
34466	1.437	19386	3747	14584	18255	27864
34508	1.432	19386	3770	14584	18281	27774
34551	1.438	19386	3785	14584	18255	27882
34593	1.439	19386	3723	14584	18213	27907
34635	1.441	19386	3704	14584	18256	27938
34678	1.437	19386	3686	14584	18273	27862
34720	1.443	19386	3634	14584	18279	27985
34763	1.44	19386	3684	14584	18253	27927
34805	1.444	19386	3613	14584	18279	28008
34848	1.443	19386	3677	14584	18248	27991
34890	1.448	19386	3574	14584	18285	28076
34933	1.447	19386	3611	14584	18253	28065
34975	1.449	19386	3562	14584	18262	28091
35017	1.448	19386	3574	14584	18269	28072
35060	1.451	19386	3507	14584	18230	28139
35102	1.451	19386	3493	14584	18267	28143
35145	1.456	19386	3459	14584	18259	28237
35187	1.458	19386	3479	14584	18279	28272
35230	1.458	19386	3477	14584	18225	28272
35272	1.458	19386	3425	14584	18267	28266
35315	1.458	19386	3437	14584	18256	28268
35357	1.462	19386	3365	14584	18236	28347
35399	1.461	19386	3356	14584	18259	28338
35442	1.464	19386	3335	14584	18269	28397
35484	1.465	19386	3322	14584	18260	28418
35527	1.462	19386	3337	14584	18247	28344
35569	1.47	19386	3228	14584	18260	28511
35612	1.47	19386	3276	14584	18231	28500
35654	1.469	19386	3273	14584	18241	28485
35697	1.472	19386	3198	14584	18234	28549
35739	1.469	19386	3304	14584	18242	28489
35781	1.471	19386	3192	14584	18242	28524
35824	1.474	19386	3198	14584	18288	28578
35866	1.478	19386	3157	14584	18228	28658
35909	1.478	19386	3119	14584	18253	28660
35951	1.482	19386	3127	14584	18259	28742
35994	1.481	19386	3144	14584	18248	28722
36036	1.48	19386	3055	14584	18225	28699
36079	1.483	19386	3096	14584	18238	28752
36121	1.485	19386	3063	14584	18256	28793
36163	1.487	19386	2992	14584	18234	28843
36206	1.487	19386	2999	14584	18223	28835
36248	1.485	19386	3017	14584	18223	28806
36291	1.491	19386	2949	14584	18228	28906
36333	1.488	19386	2980	14584	18235	28852
36376	1.493	19386	2898	14584	18225	28958
36418	1.494	19386	2907	14584	18235	28963
36461	1.492	19386	2866	14584	18228	28929
36503	1.494	19386	2869	14584	18232	28964
36546	1.493	19386	2885	14584	18219	28947
36588	1.498	19386	2826	14584	18240	29049
36630	1.499	19386	2821	14584	18197	29068
36673	1.497	19386	2818	14584	18244	29037
36715	1.5	19386	2826	14584	18211	29093
36758	1.502	19386	2761	14584	18201	29134
36800	1.502	19386	2763	14584	18207	29130
36843	1.505	19386	2675	14584	18232	29187
36885	1.507	19386	2681	14584	18224	29233
36928	1.509	19386	2612	14584	18249	29254
36970	1.508	19386	2696	14584	18215	29245
37012	1.509	19386	2639	14584	18201	29255
37055	1.511	19386	2576	14584	18207	29299
37097	1.514	19386	2595	14584	18227	29360
37140	1.508	19386	2615	14584	18206	29253
37182	1.514	19386	2573	14584	18204	29365
37225	1.514	19386	2562	14584	18210	29368
37267	1.516	19386	2588	14584	18203	29393
37310	1.517	19386	2538	14584	18219	29410
37352	1.518	19386	2465	14584	18219	29443
37394	1.52	19386	2496	14584	18209	29485
37437	1.518	19386	2534	14584	18221	29435
37479	1.522	19386	2440	14584	18189	29516
37522	1.525	19386	2418	14584	18195	29573
37564	1.525	19386	2431	14584	18201	29564
37607	1.525	19386	2410	14584	18194	29574
37649	1.529	19386	2305	14584	18225	29650
37692	1.531	19386	2309	14584	18196	29683
37734	1.532	19386	2273	14584	18186	29700
37776	1.532	19386	2274	14584	18170	29715
37819	1.532	19386	2250	14584	18196	29718
37861	1.535	19386	2238	14584	18184	29770
37904	1.534	19386	2196	14584	18206	29755
37946	1.537	19386	2161	14584	18188	29799
37989	1.538	19386	2208	14584	18202	29817
38031	1.539	19386	2160	14584	18192	29852
38074	1.54	19386	2206	14584	18201	29860
38116	1.543	19386	2099	14584	18181	29914
38158	1.54	19386	2194	14584	18193	29868
38201	1.544	19386	2156	14584	18192	29946
38243	1.544	19386	2123	14584	18176	29944
38286	1.546	19386	2055	14584	18172	29988
38328	1.547	19386	2051	14584	18173	30009
38371	1.547	19386	2073	14584	18205	30006
38413	1.551	19386	1928	14584	18168	30086
38456	1.551	19386	2011	14584	18209	30072
38498	1.551	19386	2026	14584	18175	30083
38540	1.552	19386	1983	14584	18159	30104
38583	1.554	19386	1920	14584	18166	30132
38625	1.555	19386	1944	14584	18154	30151
38668	1.555	19386	1893	14584	18163	30160
38710	1.56	19386	1893	14584	18170	30251
38753	1.562	19386	1819	14584	18166	30294
38795	1.563	19386	1782	14584	18190	30303
38838	1.564	19386	1792	14584	18179	30323
38880	1.563	19386	1757	14584	18161	30303
38922	1.564	19386	1776	14584	18168	30321
38965	1.567	19386	1744	14584	18189	30395
39007	1.566	19386	1761	14584	18152	30375
39050	1.568	19386	1721	14584	18166	30415
39092	1.571	19386	1689	14584	18164	30460
39135	1.569	19386	1705	14584	18154	30430
39177	1.572	19386	1704	14584	18179	30477
39220	1.574	19386	1629	14584	18142	30521
39262	1.574	19386	1623	14584	18164	30525
39304	1.575	19386	1630	14584	18154	30552
39347	1.575	19386	1621	14584	18182	30536
39389	1.579	19386	1571	14584	18136	30614
39432	1.579	19386	1562	14584	18162	30628
39474	1.579	19386	1541	14584	18166	30617
39517	1.581	19386	1519	14584	18163	30665
39559	1.582	19386	1517	14584	18166	30687
39602	1.584	19386	1518	14584	18179	30708
39644	1.587	19386	1449	14584	18138	30771
39687	1.586	19386	1444	14584	18160	30758
39729	1.59	19386	1381	14584	18170	30831
39771	1.588	19386	1380	14584	18149	30801
39814	1.589	19386	1413	14584	18135	30812
39856	1.592	19386	1377	14584	18148	30867
39899	1.593	19386	1368	14584	18145	30891
39941	1.593	19386	1340	14584	18142	30897
39984	1.596	19386	1308	14584	18127	30942
40026	1.596	19386	1326	14584	18158	30945
40069	1.597	19386	1294	14584	18160	30969
40111	1.601	19386	1217	14584	18143	31044
40153	1.602	19386	1195	14584	18144	31063
40196	1.601	19386	1209	14584	18135	31042
40238	1.603	19386	1201	14584	18138	31095
40281	1.602	19386	1224	14584	18141	31069
40323	1.607	19386	1156	14584	18146	31158
40366	1.608	19386	1126	14584	18132	31184
40408	1.608	19386	1094	14584	18143	31184
40451	1.609	19386	1112	14584	18142	31209
40493	1.612	19386	1052	14584	18134	31258
40535	1.612	19386	1071	14584	18113	31261
40578	1.614	19386	1024	14584	18104	31303
40620	1.616	19386	995	14584	18109	31334
40663	1.616	19386	1000	14584	18109	31329
40705	1.616	19386	986	14584	18132	31333
40748	1.618	19386	956	14584	18117	31380
40790	1.619	19386	934	14584	18124	31396
40833	1.621	19386	916	14584	18107	31430
40875	1.622	19386	908	14584	18102	31451
40917	1.624	19386	876	14584	18092	31493
40960	1.626	19386	840	14584	18105	31530
41002	1.625	19386	864	14584	18112	31518
41045	1.627	19386	835	14584	18098	31553
41087	1.628	19386	805	14584	18094	31566
41130	1.629	19386	783	14584	18115	31586
41172	1.632	19386	737	14584	18090	31642
41215	1.633	19386	733	14584	18108	31670
41257	1.633	19386	739	14584	18085	31674
41299	1.634	19386	696	14584	18095	31690
41342	1.637	19386	665	14584	18090	31751
41384	1.637	19386	687	14584	18095	31738
41427	1.638	19386	666	14584	18097	31772
41469	1.639	19386	664	14584	18095	31777
41512	1.641	19386	598	14584	18078	31820
41554	1.641	19386	613	14584	18098	31825
41597	1.642	19386	593	14584	18088	31834
41639	1.642	19386	592	14584	18084	31843
41681	1.645	19386	539	14584	18078	31898
41724	1.646	19386	512	14584	18071	31924
41766	1.647	19386	516	14584	18078	31947
41809	1.648	19386	509	14584	18082	31957
41851	1.649	19386	494	14584	18080	31969
41894	1.651	19386	473	14584	18065	32010
41936	1.652	19386	428	14584	18077	32031
41979	1.654	19386	417	14584	18066	32065
42021	1.655	19386	372	14584	18072	32102
42063	1.655	19386	383	14584	18080	32100
42106	1.657	19386	344	14584	18068	32135
42148	1.658	19386	331	14584	18069	32152
42191	1.659	19386	317	14584	18068	32172
42233	1.66	19386	302	14584	18072	32196
42276	1.662	19386	270	14584	18076	32223
42318	1.663	19386	252	14584	18073	32244
42361	1.663	19386	246	14584	18072	32257
42403	1.665	19386	218	14584	18069	32285
42446	1.666	19386	200	14584	18068	32316
