dist	 eta-scaled	Opt	Trust	Greedy	TrustGreedy	 eta-unslaced
0	0	19317	19317	14735	19317	0
42	0.002	19317	19296	14735	19317	42
84	0.004	19317	19273	14735	19314	84
127	0.006	19317	19253	14735	19313	126
169	0.008	19317	19239	14735	19312	164
212	0.01	19317	19212	14735	19312	205
254	0.012	19317	19199	14735	19312	246
297	0.014	19317	19185	14735	19309	288
339	0.016	19317	19169	14735	19310	325
382	0.018	19317	19154	14735	19302	364
424	0.02	19317	19112	14735	19296	397
466	0.022	19317	19103	14735	19304	433
509	0.024	19317	19076	14735	19293	471
551	0.026	19317	19073	14735	19295	510
594	0.028	19317	19022	14735	19291	548
636	0.03	19317	19025	14735	19295	588
679	0.032	19317	18991	14735	19294	620
721	0.033	19317	18996	14735	19295	654
764	0.035	19317	18995	14735	19293	692
806	0.037	19317	18942	14735	19285	724
848	0.039	19317	18938	14735	19286	758
891	0.04	19317	18929	14735	19293	791
933	0.042	19317	18914	14735	19293	819
976	0.044	19317	18877	14735	19291	859
1018	0.046	19317	18868	14735	19275	894
1061	0.047	19317	18835	14735	19287	923
1103	0.049	19317	18833	14735	19285	953
1146	0.051	19317	18797	14735	19270	989
1188	0.052	19317	18781	14735	19274	1017
1230	0.053	19317	18740	14735	19270	1042
1273	0.055	19317	18738	14735	19279	1067
1315	0.056	19317	18696	14735	19258	1097
1358	0.058	19317	18703	14735	19275	1125
1400	0.059	19317	18651	14735	19286	1156
1443	0.061	19317	18690	14735	19282	1185
1485	0.063	19317	18645	14735	19268	1218
1528	0.064	19317	18643	14735	19272	1248
1570	0.066	19317	18644	14735	19270	1282
1612	0.068	19317	18596	14735	19261	1315
1655	0.069	19317	18593	14735	19259	1337
1697	0.07	19317	18578	14735	19271	1367
1740	0.072	19317	18541	14735	19258	1397
1782	0.074	19317	18506	14735	19264	1430
1825	0.075	19317	18484	14735	19254	1464
1867	0.077	19317	18497	14735	19256	1495
1910	0.078	19317	18460	14735	19263	1524
1952	0.08	19317	18434	14735	19254	1552
1994	0.082	19317	18428	14735	19258	1585
2037	0.083	19317	18376	14735	19254	1616
2079	0.085	19317	18347	14735	19245	1642
2122	0.086	19317	18362	14735	19243	1670
2164	0.088	19317	18370	14735	19249	1704
2207	0.089	19317	18292	14735	19251	1735
2249	0.091	19317	18303	14735	19247	1759
2292	0.092	19317	18260	14735	19238	1788
2334	0.093	19317	18245	14735	19249	1809
2376	0.094	19317	18226	14735	19239	1835
2419	0.096	19317	18192	14735	19237	1864
2461	0.097	19317	18199	14735	19237	1888
2504	0.099	19317	18193	14735	19249	1915
2546	0.1	19317	18150	14735	19221	1941
2589	0.102	19317	18166	14735	19236	1975
2631	0.103	19317	18107	14735	19233	2001
2674	0.105	19317	18128	14735	19234	2029
2716	0.106	19317	18107	14735	19225	2056
2758	0.107	19317	18061	14735	19228	2086
2801	0.109	19317	18117	14735	19239	2114
2843	0.11	19317	18046	14735	19224	2142
2886	0.112	19317	17959	14735	19205	2170
2928	0.113	19317	17980	14735	19217	2198
2971	0.115	19317	17976	14735	19218	2223
3013	0.116	19317	17960	14735	19213	2255
3056	0.117	19317	17925	14735	19219	2278
3098	0.119	19317	17915	14735	19227	2302
3141	0.12	19317	17917	14735	19206	2334
3183	0.122	19317	17888	14735	19203	2364
3225	0.123	19317	17801	14735	19204	2392
3268	0.125	19317	17859	14735	19222	2416
3310	0.126	19317	17825	14735	19218	2441
3353	0.128	19317	17805	14735	19212	2474
3395	0.129	19317	17777	14735	19193	2500
3438	0.13	19317	17778	14735	19190	2530
3480	0.132	19317	17766	14735	19198	2554
3523	0.133	19317	17720	14735	19202	2582
3565	0.134	19317	17723	14735	19203	2604
3607	0.136	19317	17695	14735	19207	2630
3650	0.137	19317	17641	14735	19194	2660
3692	0.138	19317	17642	14735	19202	2683
3735	0.14	19317	17630	14735	19204	2709
3777	0.141	19317	17615	14735	19207	2734
3820	0.142	19317	17619	14735	19196	2759
3862	0.144	19317	17565	14735	19200	2782
3905	0.145	19317	17618	14735	19200	2809
3947	0.146	19317	17547	14735	19182	2831
3989	0.147	19317	17481	14735	19197	2857
4032	0.149	19317	17454	14735	19169	2880
4074	0.15	19317	17512	14735	19203	2906
4117	0.151	19317	17478	14735	19173	2934
4159	0.153	19317	17439	14735	19190	2960
4202	0.154	19317	17433	14735	19182	2992
4244	0.156	19317	17393	14735	19190	3017
4287	0.157	19317	17413	14735	19171	3046
4329	0.159	19317	17361	14735	19180	3076
4371	0.16	19317	17318	14735	19172	3100
4414	0.161	19317	17297	14735	19174	3125
4456	0.163	19317	17320	14735	19178	3153
4499	0.164	19317	17354	14735	19172	3182
4541	0.165	19317	17242	14735	19172	3205
4584	0.167	19317	17202	14735	19155	3229
4626	0.168	19317	17210	14735	19180	3250
4669	0.169	19317	17191	14735	19186	3278
4711	0.17	19317	17190	14735	19181	3298
4753	0.172	19317	17209	14735	19158	3331
4796	0.173	19317	17132	14735	19142	3357
4838	0.175	19317	17162	14735	19166	3385
4881	0.176	19317	17143	14735	19160	3418
4923	0.178	19317	17146	14735	19164	3440
4966	0.179	19317	17119	14735	19154	3463
5008	0.18	19317	17018	14735	19167	3486
5051	0.181	19317	17078	14735	19154	3505
5093	0.182	19317	17053	14735	19146	3529
5135	0.184	19317	17045	14735	19134	3556
5178	0.185	19317	17000	14735	19155	3583
5220	0.186	19317	16980	14735	19136	3606
5263	0.188	19317	16915	14735	19145	3633
5305	0.189	19317	16936	14735	19136	3658
5348	0.19	19317	16947	14735	19146	3684
5390	0.192	19317	16903	14735	19137	3710
5433	0.193	19317	16851	14735	19135	3736
5475	0.194	19317	16865	14735	19134	3758
5517	0.196	19317	16836	14735	19135	3787
5560	0.197	19317	16802	14735	19153	3813
5602	0.198	19317	16766	14735	19135	3840
5645	0.2	19317	16791	14735	19119	3866
5687	0.201	19317	16737	14735	19137	3888
5730	0.202	19317	16741	14735	19120	3915
5772	0.204	19317	16770	14735	19109	3944
5815	0.205	19317	16684	14735	19112	3962
5857	0.205	19317	16732	14735	19117	3977
5899	0.206	19317	16629	14735	19123	3997
5942	0.208	19317	16645	14735	19122	4026
5984	0.209	19317	16625	14735	19089	4046
6027	0.21	19317	16691	14735	19128	4071
6069	0.212	19317	16611	14735	19117	4098
6112	0.213	19317	16573	14735	19108	4118
6154	0.214	19317	16602	14735	19118	4136
6197	0.215	19317	16541	14735	19110	4156
6239	0.215	19317	16531	14735	19128	4172
6282	0.217	19317	16584	14735	19115	4194
6324	0.218	19317	16512	14735	19119	4215
6366	0.219	19317	16503	14735	19098	4238
6409	0.22	19317	16461	14735	19098	4263
6451	0.221	19317	16424	14735	19103	4287
6494	0.223	19317	16444	14735	19123	4313
6536	0.224	19317	16455	14735	19111	4333
6579	0.225	19317	16323	14735	19088	4359
6621	0.226	19317	16385	14735	19088	4379
6664	0.227	19317	16319	14735	19082	4401
6706	0.228	19317	16315	14735	19119	4420
6748	0.229	19317	16369	14735	19105	4441
6791	0.23	19317	16303	14735	19115	4461
6833	0.232	19317	16268	14735	19101	4482
6876	0.233	19317	16260	14735	19102	4505
6918	0.234	19317	16284	14735	19099	4529
6961	0.235	19317	16271	14735	19092	4553
7003	0.236	19317	16219	14735	19109	4572
7046	0.237	19317	16150	14735	19065	4593
7088	0.238	19317	16155	14735	19096	4614
7130	0.239	19317	16195	14735	19104	4633
7173	0.241	19317	16104	14735	19077	4660
7215	0.242	19317	16082	14735	19055	4683
7258	0.243	19317	16149	14735	19083	4705
7300	0.244	19317	16046	14735	19063	4724
7343	0.245	19317	16074	14735	19088	4742
7385	0.246	19317	16024	14735	19068	4759
7428	0.247	19317	16020	14735	19080	4780
7470	0.248	19317	15947	14735	19070	4802
7512	0.249	19317	16035	14735	19063	4822
7555	0.25	19317	15952	14735	19066	4844
7597	0.252	19317	15931	14735	19050	4871
7640	0.253	19317	15909	14735	19074	4889
7682	0.254	19317	15913	14735	19062	4909
7725	0.255	19317	15932	14735	19077	4930
7767	0.256	19317	15902	14735	19076	4954
7810	0.257	19317	15797	14735	19051	4974
7852	0.258	19317	15893	14735	19062	4991
7894	0.259	19317	15866	14735	19050	5017
7937	0.261	19317	15818	14735	19061	5044
7979	0.262	19317	15830	14735	19057	5065
8022	0.263	19317	15765	14735	19058	5089
8064	0.264	19317	15726	14735	19032	5113
8107	0.265	19317	15747	14735	19062	5135
8149	0.267	19317	15728	14735	19066	5162
8192	0.268	19317	15691	14735	19055	5182
8234	0.269	19317	15669	14735	19063	5208
8276	0.27	19317	15656	14735	19039	5231
8319	0.271	19317	15623	14735	19042	5250
8361	0.272	19317	15606	14735	19041	5273
8404	0.274	19317	15593	14735	19043	5293
8446	0.275	19317	15649	14735	19046	5318
8489	0.276	19317	15520	14735	19054	5335
8531	0.277	19317	15553	14735	19024	5357
8574	0.278	19317	15493	14735	19033	5387
8616	0.279	19317	15571	14735	19064	5407
8658	0.28	19317	15443	14735	19040	5426
8701	0.282	19317	15523	14735	19049	5452
8743	0.283	19317	15480	14735	19036	5475
8786	0.284	19317	15471	14735	19037	5495
8828	0.285	19317	15482	14735	19029	5517
8871	0.286	19317	15367	14735	19032	5538
8913	0.287	19317	15390	14735	19031	5562
8956	0.289	19317	15434	14735	19030	5583
8998	0.29	19317	15340	14735	19028	5608
9040	0.291	19317	15448	14735	19026	5634
9083	0.292	19317	15343	14735	19017	5653
9125	0.293	19317	15281	14735	19000	5672
9168	0.294	19317	15286	14735	19033	5693
9210	0.296	19317	15295	14735	19045	5718
9253	0.297	19317	15294	14735	19035	5739
9295	0.298	19317	15192	14735	19021	5761
9338	0.299	19317	15231	14735	19031	5779
9380	0.3	19317	15247	14735	19014	5799
9423	0.301	19317	15161	14735	19034	5819
9465	0.302	19317	15143	14735	19030	5836
9507	0.303	19317	15055	14735	19006	5854
9550	0.304	19317	15158	14735	18982	5875
9592	0.305	19317	15096	14735	19033	5898
9635	0.306	19317	15041	14735	19032	5920
9677	0.307	19317	15045	14735	18988	5944
9720	0.308	19317	14965	14735	19006	5966
9762	0.31	19317	15024	14735	19023	5992
9805	0.311	19317	15008	14735	18999	6017
9847	0.312	19317	14928	14735	19017	6039
9889	0.313	19317	14945	14735	19006	6057
9932	0.314	19317	14849	14735	18999	6078
9974	0.315	19317	14935	14735	18992	6099
10017	0.316	19317	14913	14735	18997	6120
10059	0.317	19317	14878	14735	19020	6138
10102	0.318	19317	14930	14735	18984	6162
10144	0.319	19317	14832	14735	19002	6177
10187	0.32	19317	14858	14735	18995	6199
10229	0.322	19317	14847	14735	18992	6225
10271	0.323	19317	14808	14735	18984	6245
10314	0.324	19317	14777	14735	18990	6270
10356	0.325	19317	14786	14735	18970	6292
10399	0.327	19317	14695	14735	18980	6319
10441	0.328	19317	14726	14735	18988	6343
10484	0.329	19317	14687	14735	18996	6365
10526	0.33	19317	14703	14735	18998	6390
10569	0.331	19317	14691	14735	18994	6408
10611	0.333	19317	14680	14735	18977	6433
10653	0.334	19317	14655	14735	18981	6455
10696	0.335	19317	14584	14735	18979	6479
10738	0.336	19317	14528	14735	18954	6503
10781	0.337	19317	14535	14735	18958	6521
10823	0.338	19317	14564	14735	18952	6542
10866	0.339	19317	14486	14735	18979	6561
10908	0.34	19317	14433	14735	18956	6577
10951	0.341	19317	14528	14735	18967	6602
10993	0.343	19317	14478	14735	18970	6626
11035	0.344	19317	14486	14735	18984	6647
11078	0.345	19317	14417	14735	18966	6668
11120	0.346	19317	14355	14735	18921	6688
11163	0.347	19317	14409	14735	18963	6709
11205	0.348	19317	14417	14735	18968	6733
11248	0.349	19317	14293	14735	18930	6752
11290	0.35	19317	14361	14735	18967	6776
11333	0.351	19317	14319	14735	18950	6795
11375	0.353	19317	14356	14735	18969	6821
11417	0.354	19317	14301	14735	18940	6848
11460	0.355	19317	14239	14735	18955	6871
11502	0.356	19317	14233	14735	18926	6895
11545	0.357	19317	14165	14735	18943	6912
11587	0.358	19317	14192	14735	18938	6933
11630	0.359	19317	14203	14735	18944	6948
11672	0.36	19317	14197	14735	18954	6967
11715	0.361	19317	14086	14735	18918	6989
11757	0.362	19317	14093	14735	18943	7011
11799	0.364	19317	14145	14735	18936	7035
11842	0.365	19317	14106	14735	18932	7054
11884	0.366	19317	14024	14735	18928	7076
11927	0.367	19317	14068	14735	18917	7095
11969	0.368	19317	14038	14735	18942	7115
12012	0.369	19317	13958	14735	18915	7141
12054	0.37	19317	13974	14735	18934	7156
12097	0.371	19317	14012	14735	18916	7176
12139	0.372	19317	14032	14735	18922	7195
12182	0.373	19317	13972	14735	18908	7213
12224	0.374	19317	13970	14735	18924	7231
12266	0.375	19317	13895	14735	18930	7254
12309	0.376	19317	13986	14735	18927	7276
12351	0.377	19317	13931	14735	18910	7296
12394	0.378	19317	13849	14735	18912	7315
12436	0.379	19317	13838	14735	18896	7332
12479	0.38	19317	13803	14735	18914	7354
12521	0.381	19317	13858	14735	18899	7375
12564	0.382	19317	13833	14735	18919	7396
12606	0.383	19317	13727	14735	18925	7415
12648	0.384	19317	13735	14735	18878	7432
12691	0.385	19317	13703	14735	18916	7453
12733	0.386	19317	13740	14735	18908	7475
12776	0.388	19317	13642	14735	18902	7501
12818	0.389	19317	13657	14735	18900	7522
12861	0.39	19317	13681	14735	18894	7539
12903	0.391	19317	13767	14735	18904	7557
12946	0.392	19317	13664	14735	18897	7575
12988	0.393	19317	13640	14735	18880	7595
13030	0.394	19317	13589	14735	18865	7615
13073	0.395	19317	13592	14735	18876	7632
13115	0.395	19317	13564	14735	18890	7648
13158	0.396	19317	13551	14735	18875	7665
13200	0.397	19317	13490	14735	18894	7679
13243	0.398	19317	13490	14735	18886	7698
13285	0.399	19317	13490	14735	18885	7716
13328	0.4	19317	13453	14735	18863	7737
13370	0.401	19317	13463	14735	18900	7758
13412	0.402	19317	13495	14735	18894	7778
13455	0.403	19317	13460	14735	18873	7801
13497	0.404	19317	13420	14735	18893	7822
13540	0.406	19317	13368	14735	18857	7845
13582	0.407	19317	13323	14735	18910	7863
13625	0.408	19317	13290	14735	18888	7892
13667	0.409	19317	13393	14735	18874	7907
13710	0.41	19317	13308	14735	18879	7927
13752	0.411	19317	13244	14735	18852	7943
13794	0.412	19317	13228	14735	18887	7963
13837	0.413	19317	13301	14735	18882	7980
13879	0.414	19317	13258	14735	18868	8002
13922	0.415	19317	13187	14735	18897	8024
13964	0.416	19317	13092	14735	18848	8043
14007	0.417	19317	13283	14735	18869	8059
14049	0.418	19317	13154	14735	18863	8082
14092	0.419	19317	13070	14735	18871	8101
14134	0.42	19317	13096	14735	18859	8121
14176	0.421	19317	13010	14735	18811	8135
14219	0.422	19317	13096	14735	18886	8157
14261	0.423	19317	13132	14735	18902	8174
14304	0.424	19317	13010	14735	18855	8196
14346	0.425	19317	13054	14735	18870	8216
14389	0.426	19317	13036	14735	18876	8233
14431	0.427	19317	13016	14735	18867	8255
14474	0.428	19317	12922	14735	18830	8279
14516	0.429	19317	12933	14735	18831	8301
14558	0.43	19317	12858	14735	18840	8318
14601	0.431	19317	12909	14735	18844	8343
14643	0.432	19317	12946	14735	18844	8362
14686	0.434	19317	12887	14735	18860	8384
14728	0.435	19317	12937	14735	18849	8411
14771	0.436	19317	12934	14735	18851	8434
14813	0.437	19317	12797	14735	18831	8452
14856	0.438	19317	12802	14735	18860	8476
14898	0.439	19317	12772	14735	18815	8489
14940	0.44	19317	12804	14735	18841	8509
14983	0.441	19317	12720	14735	18824	8525
15025	0.442	19317	12728	14735	18820	8546
15068	0.443	19317	12776	14735	18834	8564
15110	0.444	19317	12740	14735	18825	8582
15153	0.444	19317	12656	14735	18835	8596
15195	0.446	19317	12634	14735	18816	8618
15238	0.447	19317	12676	14735	18862	8637
15280	0.447	19317	12670	14735	18814	8654
15323	0.449	19317	12606	14735	18827	8676
15365	0.45	19317	12541	14735	18835	8695
15407	0.451	19317	12565	14735	18829	8713
15450	0.452	19317	12549	14735	18839	8733
15492	0.453	19317	12511	14735	18823	8757
15535	0.454	19317	12520	14735	18825	8775
15577	0.455	19317	12511	14735	18779	8791
15620	0.456	19317	12499	14735	18804	8810
15662	0.457	19317	12392	14735	18806	8829
15705	0.458	19317	12484	14735	18815	8852
15747	0.459	19317	12449	14735	18842	8875
15789	0.46	19317	12386	14735	18830	8895
15832	0.461	19317	12358	14735	18850	8914
15874	0.462	19317	12337	14735	18803	8933
15917	0.463	19317	12311	14735	18786	8955
15959	0.464	19317	12280	14735	18792	8974
16002	0.465	19317	12345	14735	18822	8994
16044	0.466	19317	12205	14735	18797	9017
16087	0.467	19317	12295	14735	18792	9036
16129	0.468	19317	12267	14735	18817	9052
16171	0.469	19317	12241	14735	18801	9071
16214	0.47	19317	12225	14735	18796	9092
16256	0.471	19317	12225	14735	18799	9110
16299	0.472	19317	12190	14735	18781	9126
16341	0.473	19317	12108	14735	18814	9148
16384	0.474	19317	12143	14735	18791	9172
16426	0.475	19317	12141	14735	18805	9186
16469	0.476	19317	12100	14735	18792	9204
16511	0.477	19317	12162	14735	18775	9223
16553	0.478	19317	12123	14735	18802	9245
16596	0.479	19317	12111	14735	18767	9263
16638	0.48	19317	11942	14735	18784	9291
16681	0.482	19317	12032	14735	18792	9315
16723	0.483	19317	12047	14735	18755	9331
16766	0.484	19317	11937	14735	18778	9355
16808	0.485	19317	11935	14735	18757	9371
16851	0.485	19317	11964	14735	18772	9386
16893	0.486	19317	11916	14735	18773	9404
16935	0.487	19317	11975	14735	18758	9422
16978	0.488	19317	11983	14735	18784	9444
17020	0.489	19317	11866	14735	18748	9464
17063	0.491	19317	11937	14735	18773	9488
17105	0.492	19317	11822	14735	18780	9509
17148	0.493	19317	11930	14735	18767	9526
17190	0.494	19317	11898	14735	18760	9544
17233	0.494	19317	11831	14735	18764	9558
17275	0.495	19317	11840	14735	18755	9575
17317	0.496	19317	11715	14735	18730	9586
17360	0.497	19317	11755	14735	18756	9604
17402	0.498	19317	11700	14735	18728	9621
17445	0.499	19317	11761	14735	18720	9644
17487	0.499	19317	11714	14735	18710	9656
17530	0.5	19317	11621	14735	18723	9676
17572	0.501	19317	11602	14735	18728	9691
17615	0.502	19317	11634	14735	18717	9711
17657	0.503	19317	11679	14735	18740	9726
17699	0.504	19317	11587	14735	18721	9741
17742	0.505	19317	11694	14735	18739	9759
17784	0.506	19317	11659	14735	18764	9778
17827	0.507	19317	11531	14735	18735	9800
17869	0.508	19317	11527	14735	18735	9821
17912	0.509	19317	11550	14735	18728	9839
17954	0.51	19317	11533	14735	18737	9857
17997	0.511	19317	11566	14735	18703	9881
18039	0.512	19317	11369	14735	18711	9898
18081	0.513	19317	11485	14735	18745	9918
18124	0.514	19317	11377	14735	18722	9932
18166	0.515	19317	11379	14735	18722	9949
18209	0.516	19317	11382	14735	18740	9970
18251	0.517	19317	11338	14735	18724	9990
18294	0.518	19317	11395	14735	18698	10014
18336	0.519	19317	11316	14735	18697	10034
18379	0.52	19317	11227	14735	18722	10055
18421	0.521	19317	11354	14735	18710	10075
18464	0.522	19317	11260	14735	18731	10098
18506	0.523	19317	11306	14735	18673	10115
18548	0.524	19317	11289	14735	18714	10137
18591	0.526	19317	11189	14735	18690	10161
18633	0.526	19317	11236	14735	18690	10179
18676	0.527	19317	11161	14735	18683	10199
18718	0.528	19317	11269	14735	18735	10214
18761	0.529	19317	11186	14735	18706	10234
18803	0.53	19317	11190	14735	18707	10252
18846	0.531	19317	11150	14735	18711	10274
18888	0.532	19317	11034	14735	18723	10290
18930	0.533	19317	11057	14735	18663	10308
18973	0.534	19317	11105	14735	18685	10320
19015	0.535	19317	11002	14735	18657	10339
19058	0.536	19317	11084	14735	18687	10357
19100	0.537	19317	10998	14735	18715	10374
19143	0.538	19317	10953	14735	18665	10396
19185	0.538	19317	10956	14735	18689	10408
19228	0.539	19317	10889	14735	18667	10428
19270	0.54	19317	10904	14735	18658	10440
19312	0.541	19317	10863	14735	18682	10460
19355	0.542	19317	10819	14735	18690	10477
19397	0.543	19317	10798	14735	18657	10493
19440	0.544	19317	10848	14735	18642	10512
19482	0.545	19317	10886	14735	18641	10528
19525	0.546	19317	10873	14735	18671	10549
19567	0.547	19317	10897	14735	18673	10570
19610	0.548	19317	10783	14735	18640	10594
19652	0.549	19317	10700	14735	18667	10609
19694	0.549	19317	10696	14735	18675	10621
19737	0.55	19317	10755	14735	18666	10639
19779	0.551	19317	10732	14735	18638	10662
19822	0.553	19317	10668	14735	18640	10684
19864	0.553	19317	10654	14735	18651	10701
19907	0.555	19317	10718	14735	18676	10723
19949	0.556	19317	10656	14735	18662	10741
19992	0.557	19317	10592	14735	18649	10762
20034	0.557	19317	10659	14735	18645	10775
20076	0.558	19317	10620	14735	18636	10797
20119	0.559	19317	10559	14735	18640	10810
20161	0.56	19317	10467	14735	18644	10828
20204	0.561	19317	10534	14735	18628	10845
20246	0.562	19317	10551	14735	18649	10861
20289	0.563	19317	10527	14735	18637	10880
20331	0.564	19317	10434	14735	18631	10896
20374	0.564	19317	10612	14735	18672	10914
20416	0.565	19317	10438	14735	18623	10933
20458	0.566	19317	10413	14735	18664	10944
20501	0.567	19317	10408	14735	18644	10960
20543	0.568	19317	10427	14735	18640	10975
20586	0.569	19317	10335	14735	18639	10998
20628	0.57	19317	10368	14735	18617	11016
20671	0.571	19317	10354	14735	18636	11035
20713	0.572	19317	10287	14735	18653	11052
20756	0.573	19317	10303	14735	18638	11072
20798	0.573	19317	10237	14735	18648	11087
20840	0.574	19317	10318	14735	18648	11107
20883	0.575	19317	10237	14735	18593	11125
20925	0.576	19317	10171	14735	18645	11141
20968	0.577	19317	10252	14735	18620	11156
21010	0.578	19317	10140	14735	18613	11171
21053	0.579	19317	10138	14735	18609	11188
21095	0.58	19317	10167	14735	18631	11213
21138	0.581	19317	10091	14735	18603	11226
21180	0.581	19317	10120	14735	18598	11241
21223	0.582	19317	10048	14735	18633	11259
21265	0.583	19317	10087	14735	18641	11279
21307	0.585	19317	10074	14735	18603	11301
21350	0.586	19317	10077	14735	18597	11320
21392	0.586	19317	9971	14735	18608	11334
21435	0.587	19317	10026	14735	18600	11352
21477	0.588	19317	10019	14735	18616	11369
21520	0.589	19317	9993	14735	18615	11391
21562	0.59	19317	9921	14735	18594	11403
21605	0.591	19317	9895	14735	18602	11418
21647	0.592	19317	9965	14735	18607	11438
21689	0.593	19317	9906	14735	18615	11458
21732	0.594	19317	9920	14735	18622	11477
21774	0.595	19317	9879	14735	18586	11494
21817	0.595	19317	9919	14735	18565	11509
21859	0.596	19317	9776	14735	18607	11528
21902	0.597	19317	9742	14735	18596	11546
21944	0.598	19317	9964	14735	18594	11564
21987	0.599	19317	9704	14735	18575	11579
22029	0.6	19317	9791	14735	18593	11601
22071	0.601	19317	9655	14735	18606	11625
22114	0.603	19317	9702	14735	18589	11649
22156	0.603	19317	9675	14735	18571	11666
22199	0.604	19317	9742	14735	18586	11681
22241	0.605	19317	9686	14735	18584	11703
22284	0.606	19317	9600	14735	18583	11716
22326	0.607	19317	9703	14735	18580	11732
22369	0.607	19317	9608	14735	18571	11741
22411	0.608	19317	9520	14735	18549	11760
22453	0.609	19317	9478	14735	18579	11774
22496	0.61	19317	9520	14735	18546	11797
22538	0.611	19317	9658	14735	18557	11814
22581	0.612	19317	9561	14735	18573	11836
22623	0.613	19317	9438	14735	18596	11855
22666	0.614	19317	9502	14735	18598	11868
22708	0.615	19317	9502	14735	18559	11888
22751	0.616	19317	9428	14735	18564	11904
22793	0.617	19317	9406	14735	18566	11925
22835	0.617	19317	9392	14735	18554	11937
22878	0.618	19317	9461	14735	18580	11955
22920	0.619	19317	9430	14735	18559	11975
22963	0.62	19317	9369	14735	18574	11993
23005	0.621	19317	9324	14735	18544	12014
23048	0.622	19317	9426	14735	18546	12033
23090	0.624	19317	9296	14735	18540	12057
23133	0.624	19317	9210	14735	18551	12073
23175	0.626	19317	9309	14735	18552	12095
23217	0.627	19317	9278	14735	18541	12115
23260	0.628	19317	9315	14735	18569	12133
23302	0.629	19317	9290	14735	18544	12154
23345	0.63	19317	9247	14735	18548	12171
23387	0.63	19317	9169	14735	18546	12189
23430	0.631	19317	9189	14735	18542	12205
23472	0.632	19317	9109	14735	18563	12220
23515	0.633	19317	9105	14735	18553	12239
23557	0.634	19317	9117	14735	18549	12258
23599	0.635	19317	9001	14735	18543	12276
23642	0.636	19317	9119	14735	18554	12290
23684	0.637	19317	9168	14735	18569	12307
23727	0.637	19317	9049	14735	18523	12323
23769	0.638	19317	9013	14735	18519	12338
23812	0.639	19317	8903	14735	18511	12357
23854	0.64	19317	8950	14735	18518	12373
23897	0.641	19317	8870	14735	18522	12394
23939	0.642	19317	9003	14735	18548	12409
23981	0.643	19317	9072	14735	18531	12433
24024	0.644	19317	8850	14735	18561	12444
24066	0.645	19317	8971	14735	18539	12462
24109	0.645	19317	9000	14735	18541	12477
24151	0.646	19317	8915	14735	18508	12494
24194	0.647	19317	8820	14735	18520	12517
24236	0.649	19317	8863	14735	18529	12539
24279	0.649	19317	8757	14735	18493	12556
24321	0.65	19317	8827	14735	18518	12573
24364	0.651	19317	8777	14735	18519	12588
24406	0.652	19317	8762	14735	18519	12606
24448	0.653	19317	8730	14735	18559	12627
24491	0.654	19317	8734	14735	18519	12645
24533	0.655	19317	8758	14735	18549	12663
24576	0.656	19317	8697	14735	18527	12684
24618	0.657	19317	8669	14735	18511	12696
24661	0.657	19317	8673	14735	18489	12710
24703	0.658	19317	8614	14735	18512	12723
24746	0.659	19317	8714	14735	18515	12743
24788	0.66	19317	8616	14735	18454	12757
24830	0.661	19317	8581	14735	18535	12777
24873	0.662	19317	8494	14735	18480	12790
24915	0.663	19317	8668	14735	18507	12810
24958	0.663	19317	8570	14735	18502	12825
25000	0.664	19317	8519	14735	18531	12843
25043	0.665	19317	8457	14735	18491	12861
25085	0.666	19317	8546	14735	18467	12879
25128	0.667	19317	8470	14735	18466	12897
25170	0.668	19317	8450	14735	18501	12912
25212	0.669	19317	8414	14735	18458	12931
25255	0.67	19317	8385	14735	18522	12950
25297	0.671	19317	8387	14735	18495	12964
25340	0.672	19317	8404	14735	18508	12986
25382	0.673	19317	8363	14735	18471	13001
25425	0.674	19317	8355	14735	18515	13025
25467	0.675	19317	8399	14735	18506	13043
25510	0.676	19317	8334	14735	18473	13059
25552	0.677	19317	8256	14735	18483	13080
25594	0.677	19317	8287	14735	18467	13093
25637	0.678	19317	8244	14735	18501	13109
25679	0.679	19317	8265	14735	18460	13124
25722	0.679	19317	8271	14735	18450	13131
25764	0.68	19317	8158	14735	18502	13145
25807	0.681	19317	8243	14735	18466	13165
25849	0.682	19317	8137	14735	18463	13186
25892	0.683	19317	8220	14735	18502	13207
25934	0.684	19317	8048	14735	18438	13222
25976	0.685	19317	8081	14735	18486	13234
26019	0.685	19317	8036	14735	18457	13249
26061	0.686	19317	7945	14735	18452	13268
26104	0.687	19317	8066	14735	18477	13286
26146	0.688	19317	8035	14735	18467	13301
26189	0.689	19317	8003	14735	18508	13315
26231	0.69	19317	7948	14735	18432	13332
26274	0.691	19317	7939	14735	18463	13351
26316	0.691	19317	8015	14735	18470	13366
26358	0.693	19317	7877	14735	18513	13388
26401	0.693	19317	7910	14735	18483	13398
26443	0.694	19317	7879	14735	18478	13412
26486	0.695	19317	7950	14735	18502	13428
26528	0.696	19317	7888	14735	18464	13446
26571	0.696	19317	7874	14735	18482	13463
26613	0.697	19317	7956	14735	18479	13481
26656	0.698	19317	7734	14735	18469	13497
26698	0.699	19317	7814	14735	18492	13510
26740	0.7	19317	7848	14735	18439	13525
26783	0.701	19317	7759	14735	18425	13544
26825	0.702	19317	7723	14735	18441	13562
26868	0.702	19317	7793	14735	18446	13577
26910	0.703	19317	7699	14735	18471	13592
26953	0.704	19317	7762	14735	18433	13607
26995	0.705	19317	7743	14735	18460	13631
27038	0.706	19317	7735	14735	18464	13649
27080	0.707	19317	7734	14735	18450	13670
27122	0.708	19317	7702	14735	18447	13680
27165	0.708	19317	7665	14735	18469	13695
27207	0.709	19317	7629	14735	18423	13710
27250	0.71	19317	7559	14735	18466	13731
27292	0.711	19317	7468	14735	18447	13747
27335	0.712	19317	7597	14735	18445	13761
27377	0.713	19317	7574	14735	18429	13775
27420	0.714	19317	7557	14735	18446	13794
27462	0.714	19317	7535	14735	18430	13811
27505	0.715	19317	7559	14735	18453	13824
27547	0.716	19317	7504	14735	18445	13836
27589	0.717	19317	7513	14735	18423	13856
27632	0.718	19317	7440	14735	18443	13876
27674	0.719	19317	7452	14735	18425	13891
27717	0.72	19317	7402	14735	18457	13911
27759	0.721	19317	7311	14735	18437	13930
27802	0.722	19317	7297	14735	18422	13952
27844	0.722	19317	7322	14735	18435	13964
27887	0.723	19317	7231	14735	18403	13981
27929	0.724	19317	7435	14735	18456	14002
27971	0.725	19317	7305	14735	18448	14018
28014	0.726	19317	7247	14735	18404	14041
28056	0.727	19317	7317	14735	18428	14057
28099	0.728	19317	7320	14735	18414	14079
28141	0.729	19317	7125	14735	18426	14098
28184	0.73	19317	7179	14735	18427	14114
28226	0.731	19317	7221	14735	18423	14134
28269	0.732	19317	7259	14735	18420	14149
28311	0.733	19317	7158	14735	18415	14164
28353	0.734	19317	7151	14735	18421	14180
28396	0.734	19317	7108	14735	18421	14196
28438	0.735	19317	7130	14735	18399	14214
28481	0.736	19317	7063	14735	18406	14232
28523	0.737	19317	7094	14735	18432	14249
28566	0.738	19317	7079	14735	18416	14271
28608	0.739	19317	7053	14735	18409	14289
28651	0.74	19317	7010	14735	18400	14304
28693	0.741	19317	7031	14735	18372	14317
28735	0.742	19317	7000	14735	18415	14337
28778	0.743	19317	6983	14735	18395	14357
28820	0.744	19317	6852	14735	18401	14372
28863	0.744	19317	6931	14735	18398	14391
28905	0.745	19317	6896	14735	18406	14409
28948	0.746	19317	6963	14735	18398	14428
28990	0.747	19317	6890	14735	18409	14445
29033	0.748	19317	6833	14735	18385	14465
29075	0.749	19317	6807	14735	18423	14484
29117	0.75	19317	6822	14735	18428	14502
29160	0.751	19317	6784	14735	18397	14518
29202	0.752	19317	6769	14735	18423	14532
29245	0.752	19317	6680	14735	18397	14544
29287	0.753	19317	6816	14735	18369	14558
29330	0.754	19317	6730	14735	18405	14571
29372	0.755	19317	6729	14735	18398	14585
29415	0.755	19317	6709	14735	18413	14597
29457	0.756	19317	6647	14735	18370	14610
29499	0.757	19317	6588	14735	18385	14628
29542	0.757	19317	6618	14735	18368	14641
29584	0.758	19317	6565	14735	18375	14657
29627	0.759	19317	6605	14735	18386	14670
29669	0.76	19317	6615	14735	18427	14686
29712	0.761	19317	6536	14735	18397	14707
29754	0.762	19317	6587	14735	18358	14732
29797	0.763	19317	6591	14735	18365	14746
29839	0.763	19317	6539	14735	18363	14758
29881	0.764	19317	6502	14735	18371	14774
29924	0.765	19317	6470	14735	18364	14791
29966	0.766	19317	6466	14735	18358	14805
30009	0.767	19317	6406	14735	18347	14819
30051	0.768	19317	6412	14735	18329	14837
30094	0.768	19317	6335	14735	18382	14850
30136	0.769	19317	6487	14735	18386	14867
30179	0.77	19317	6311	14735	18321	14885
30221	0.771	19317	6371	14735	18357	14896
30263	0.771	19317	6338	14735	18361	14911
30306	0.772	19317	6339	14735	18360	14927
30348	0.773	19317	6261	14735	18388	14946
30391	0.774	19317	6301	14735	18333	14969
30433	0.775	19317	6230	14735	18352	14983
30476	0.776	19317	6238	14735	18387	14998
30518	0.777	19317	6215	14735	18389	15015
30561	0.778	19317	6207	14735	18358	15031
30603	0.778	19317	6263	14735	18337	15041
30646	0.779	19317	6223	14735	18360	15058
30688	0.78	19317	6193	14735	18401	15072
30730	0.781	19317	6152	14735	18316	15087
30773	0.781	19317	6085	14735	18324	15105
30815	0.782	19317	6208	14735	18386	15120
30858	0.783	19317	6082	14735	18332	15135
30900	0.784	19317	6052	14735	18329	15150
30943	0.785	19317	6000	14735	18330	15169
30985	0.786	19317	6028	14735	18353	15184
31028	0.786	19317	6078	14735	18349	15202
31070	0.787	19317	6032	14735	18328	15215
31112	0.788	19317	6071	14735	18342	15233
31155	0.789	19317	5963	14735	18330	15249
31197	0.79	19317	6004	14735	18367	15268
31240	0.791	19317	5992	14735	18325	15286
31282	0.792	19317	5898	14735	18322	15307
31325	0.793	19317	5923	14735	18339	15321
31367	0.794	19317	5898	14735	18330	15341
31410	0.794	19317	5856	14735	18341	15352
31452	0.795	19317	5847	14735	18356	15361
31494	0.796	19317	5854	14735	18339	15377
31537	0.796	19317	5843	14735	18301	15394
31579	0.797	19317	5837	14735	18330	15409
31622	0.798	19317	5756	14735	18344	15427
31664	0.799	19317	5731	14735	18363	15447
31707	0.8	19317	5733	14735	18306	15462
31749	0.801	19317	5690	14735	18306	15478
31792	0.802	19317	5690	14735	18337	15495
31834	0.802	19317	5710	14735	18326	15506
31876	0.803	19317	5705	14735	18301	15516
31919	0.804	19317	5602	14735	18329	15531
31961	0.804	19317	5640	14735	18300	15535
32004	0.804	19317	5586	14735	18323	15548
32046	0.805	19317	5662	14735	18341	15563
32089	0.806	19317	5587	14735	18323	15579
32131	0.807	19317	5548	14735	18270	15592
32174	0.808	19317	5555	14735	18305	15609
32216	0.808	19317	5577	14735	18325	15627
32258	0.809	19317	5532	14735	18308	15641
32301	0.81	19317	5556	14735	18322	15658
32343	0.811	19317	5507	14735	18314	15673
32386	0.812	19317	5490	14735	18300	15690
32428	0.813	19317	5348	14735	18271	15707
32471	0.814	19317	5351	14735	18299	15725
32513	0.814	19317	5439	14735	18188	15737
32556	0.815	19317	5326	14735	18291	15754
32598	0.816	19317	5369	14735	18322	15768
32640	0.817	19317	5306	14735	18319	15787
32683	0.817	19317	5387	14735	18293	15801
32725	0.819	19317	5377	14735	18311	15822
32768	0.819	19317	5302	14735	18325	15829
32810	0.82	19317	5251	14735	18324	15842
32853	0.82	19317	5229	14735	18284	15855
32895	0.821	19317	5313	14735	18290	15868
32938	0.822	19317	5191	14735	18283	15883
32980	0.823	19317	5209	14735	18263	15901
33022	0.823	19317	5179	14735	18237	15914
33065	0.824	19317	5149	14735	18307	15935
33107	0.825	19317	5192	14735	18248	15948
33150	0.826	19317	5224	14735	18297	15963
33192	0.827	19317	5184	14735	18284	15979
33235	0.827	19317	5120	14735	18249	15989
33277	0.828	19317	5159	14735	18276	16009
33320	0.829	19317	5169	14735	18280	16021
33362	0.83	19317	5130	14735	18276	16034
33405	0.83	19317	5062	14735	18292	16046
33447	0.831	19317	5006	14735	18245	16060
33489	0.832	19317	4966	14735	18276	16077
33532	0.832	19317	5007	14735	18262	16088
33574	0.833	19317	4939	14735	18302	16103
33617	0.834	19317	5008	14735	18244	16123
33659	0.835	19317	4939	14735	18241	16138
33702	0.836	19317	4917	14735	18250	16154
33744	0.836	19317	4900	14735	18285	16167
33787	0.837	19317	4931	14735	18269	16182
33829	0.838	19317	4817	14735	18265	16199
33871	0.839	19317	4887	14735	18257	16218
33914	0.84	19317	4908	14735	18256	16235
33956	0.841	19317	4828	14735	18261	16250
33999	0.842	19317	4756	14735	18275	16273
34041	0.843	19317	4740	14735	18255	16288
34084	0.844	19317	4790	14735	18238	16307
34126	0.845	19317	4770	14735	18249	16324
34169	0.845	19317	4796	14735	18225	16339
34211	0.846	19317	4738	14735	18263	16359
34253	0.847	19317	4644	14735	18234	16376
34296	0.848	19317	4643	14735	18243	16387
34338	0.848	19317	4606	14735	18224	16397
34381	0.849	19317	4647	14735	18268	16409
34423	0.85	19317	4704	14735	18244	16431
34466	0.851	19317	4570	14735	18205	16445
34508	0.851	19317	4534	14735	18223	16457
34551	0.852	19317	4500	14735	18238	16472
34593	0.853	19317	4513	14735	18232	16484
34635	0.854	19317	4461	14735	18228	16505
34678	0.855	19317	4517	14735	18237	16518
34720	0.856	19317	4439	14735	18226	16537
34763	0.856	19317	4383	14735	18216	16552
34805	0.857	19317	4500	14735	18244	16571
34848	0.858	19317	4336	14735	18212	16591
34890	0.859	19317	4417	14735	18246	16604
34933	0.86	19317	4340	14735	18196	16618
34975	0.861	19317	4376	14735	18233	16635
35017	0.861	19317	4301	14735	18202	16650
35060	0.862	19317	4299	14735	18255	16662
35102	0.863	19317	4317	14735	18267	16675
35145	0.863	19317	4265	14735	18198	16689
35187	0.864	19317	4271	14735	18247	16703
35230	0.865	19317	4268	14735	18234	16716
35272	0.866	19317	4232	14735	18202	16734
35315	0.866	19317	4220	14735	18241	16745
35357	0.867	19317	4131	14735	18226	16762
35399	0.868	19317	4128	14735	18222	16779
35442	0.869	19317	4125	14735	18213	16797
35484	0.87	19317	4114	14735	18233	16809
35527	0.871	19317	4033	14735	18247	16830
35569	0.872	19317	4172	14735	18239	16847
35612	0.872	19317	4013	14735	18254	16863
35654	0.873	19317	4039	14735	18216	16880
35697	0.874	19317	4048	14735	18195	16899
35739	0.875	19317	4009	14735	18187	16915
35781	0.876	19317	4008	14735	18233	16924
35824	0.876	19317	4000	14735	18185	16941
35866	0.877	19317	4040	14735	18220	16956
35909	0.878	19317	3975	14735	18196	16973
35951	0.879	19317	3934	14735	18222	16988
35994	0.88	19317	3901	14735	18215	17003
36036	0.881	19317	3977	14735	18244	17020
36079	0.881	19317	3835	14735	18160	17037
36121	0.882	19317	3850	14735	18232	17051
36163	0.883	19317	3725	14735	18195	17070
36206	0.884	19317	3926	14735	18224	17084
36248	0.885	19317	3762	14735	18165	17101
36291	0.886	19317	3784	14735	18203	17124
36333	0.887	19317	3804	14735	18207	17140
36376	0.888	19317	3721	14735	18185	17160
36418	0.889	19317	3635	14735	18171	17180
36461	0.89	19317	3816	14735	18209	17202
36503	0.891	19317	3629	14735	18182	17219
36546	0.892	19317	3758	14735	18206	17236
36588	0.893	19317	3643	14735	18175	17251
36630	0.893	19317	3576	14735	18186	17264
36673	0.894	19317	3602	14735	18173	17277
36715	0.895	19317	3579	14735	18177	17300
36758	0.896	19317	3570	14735	18209	17316
36800	0.897	19317	3641	14735	18205	17331
36843	0.897	19317	3511	14735	18173	17346
36885	0.898	19317	3488	14735	18180	17358
36928	0.899	19317	3599	14735	18206	17380
36970	0.9	19317	3424	14735	18178	17397
37012	0.901	19317	3412	14735	18181	17413
37055	0.902	19317	3475	14735	18177	17431
37097	0.902	19317	3409	14735	18163	17441
37140	0.903	19317	3421	14735	18158	17453
37182	0.904	19317	3346	14735	18153	17471
37225	0.905	19317	3366	14735	18124	17489
37267	0.906	19317	3306	14735	18125	17512
37310	0.907	19317	3382	14735	18216	17530
37352	0.908	19317	3336	14735	18144	17546
37394	0.908	19317	3228	14735	18178	17559
37437	0.91	19317	3358	14735	18166	17579
37479	0.91	19317	3236	14735	18150	17592
37522	0.911	19317	3215	14735	18170	17609
37564	0.912	19317	3298	14735	18157	17621
37607	0.913	19317	3146	14735	18146	17639
37649	0.914	19317	3198	14735	18146	17657
37692	0.915	19317	3280	14735	18165	17677
37734	0.915	19317	3201	14735	18141	17692
37776	0.916	19317	3083	14735	18115	17708
37819	0.917	19317	3142	14735	18139	17726
37861	0.918	19317	3091	14735	18108	17738
37904	0.919	19317	3102	14735	18114	17756
37946	0.919	19317	3137	14735	18122	17766
37989	0.92	19317	3024	14735	18121	17782
38031	0.921	19317	3099	14735	18151	17799
38074	0.922	19317	2975	14735	18103	17811
38116	0.922	19317	3088	14735	18161	17821
38158	0.923	19317	3016	14735	18096	17840
38201	0.924	19317	2928	14735	18133	17859
38243	0.925	19317	2926	14735	18120	17877
38286	0.926	19317	2952	14735	18151	17892
38328	0.927	19317	2972	14735	18098	17913
38371	0.927	19317	2939	14735	18132	17926
38413	0.929	19317	2833	14735	18119	17946
38456	0.929	19317	2881	14735	18103	17958
38498	0.93	19317	2786	14735	18091	17973
38540	0.931	19317	2888	14735	18140	17990
38583	0.932	19317	2743	14735	18105	18008
38625	0.933	19317	2773	14735	18117	18023
38668	0.933	19317	2729	14735	18089	18042
38710	0.934	19317	2817	14735	18126	18056
38753	0.935	19317	2656	14735	18089	18070
38795	0.935	19317	2756	14735	18134	18078
38838	0.936	19317	2673	14735	18089	18093
38880	0.937	19317	2737	14735	18122	18108
38922	0.938	19317	2575	14735	18091	18124
38965	0.938	19317	2657	14735	18134	18138
39007	0.939	19317	2567	14735	18089	18156
39050	0.94	19317	2670	14735	18111	18169
39092	0.941	19317	2511	14735	18075	18186
39135	0.942	19317	2567	14735	18105	18205
39177	0.943	19317	2377	14735	18073	18225
39220	0.944	19317	2637	14735	18105	18243
39262	0.945	19317	2449	14735	18066	18258
39304	0.946	19317	2482	14735	18098	18275
39347	0.946	19317	2411	14735	18099	18291
39389	0.947	19317	2523	14735	18085	18312
39432	0.948	19317	2474	14735	18059	18328
39474	0.949	19317	2465	14735	18116	18336
39517	0.949	19317	2343	14735	18082	18349
39559	0.95	19317	2425	14735	18105	18365
39602	0.951	19317	2290	14735	18074	18382
39644	0.952	19317	2352	14735	18113	18396
39687	0.953	19317	2208	14735	18061	18412
39729	0.953	19317	2341	14735	18115	18425
39771	0.954	19317	2205	14735	18065	18446
39814	0.955	19317	2302	14735	18134	18462
39856	0.956	19317	2178	14735	18065	18477
39899	0.957	19317	2270	14735	18087	18495
39941	0.958	19317	2134	14735	18055	18513
39984	0.959	19317	2241	14735	18110	18532
40026	0.96	19317	2165	14735	18117	18545
40069	0.96	19317	2023	14735	18058	18563
40111	0.961	19317	2156	14735	18090	18580
40153	0.962	19317	2054	14735	18072	18597
40196	0.963	19317	2036	14735	18079	18614
40238	0.964	19317	2114	14735	18092	18629
40281	0.965	19317	1984	14735	18044	18645
40323	0.965	19317	1998	14735	18102	18657
40366	0.966	19317	1982	14735	18072	18669
40408	0.967	19317	1942	14735	18045	18688
40451	0.968	19317	1939	14735	18072	18707
40493	0.968	19317	2038	14735	18076	18717
40535	0.969	19317	1878	14735	18013	18727
40578	0.97	19317	1895	14735	18081	18745
40620	0.97	19317	1889	14735	18051	18754
40663	0.971	19317	1823	14735	18024	18773
40705	0.972	19317	1854	14735	18068	18787
40748	0.973	19317	1808	14735	18084	18805
40790	0.974	19317	1790	14735	18059	18821
40833	0.975	19317	1758	14735	18061	18840
40875	0.976	19317	1815	14735	18063	18858
40917	0.976	19317	1718	14735	18035	18869
40960	0.977	19317	1734	14735	18038	18886
41002	0.978	19317	1763	14735	18066	18901
41045	0.979	19317	1711	14735	18035	18913
41087	0.979	19317	1551	14735	18065	18928
41130	0.98	19317	1736	14735	18043	18940
41172	0.981	19317	1612	14735	18023	18950
41215	0.981	19317	1599	14735	18014	18960
41257	0.982	19317	1638	14735	18071	18974
41299	0.983	19317	1573	14735	18031	18992
41342	0.984	19317	1487	14735	18042	19009
41384	0.984	19317	1640	14735	18021	19021
41427	0.985	19317	1530	14735	17998	19034
41469	0.986	19317	1478	14735	18006	19052
41512	0.986	19317	1533	14735	18042	19064
41554	0.987	19317	1440	14735	17994	19077
41597	0.988	19317	1465	14735	18040	19100
41639	0.989	19317	1496	14735	18041	19111
41681	0.99	19317	1454	14735	17992	19130
41724	0.991	19317	1400	14735	18025	19146
41766	0.991	19317	1431	14735	18035	19162
41809	0.992	19317	1376	14735	17974	19176
41851	0.993	19317	1336	14735	18010	19185
41894	0.993	19317	1385	14735	18040	19198
41936	0.994	19317	1326	14735	17990	19220
41979	0.995	19317	1323	14735	18014	19233
42021	0.996	19317	1339	14735	18045	19250
42063	0.997	19317	1245	14735	17987	19266
42106	0.997	19317	1259	14735	18002	19278
42148	0.998	19317	1274	14735	18010	19292
42191	0.999	19317	1239	14735	17966	19307
42233	1	19317	1234	14735	18008	19324
42276	1.001	19317	1235	14735	18012	19339
42318	1.001	19317	1198	14735	17965	19349
42361	1.002	19317	1104	14735	18001	19363
42403	1.003	19317	1163	14735	18027	19375
42446	1.003	19317	1097	14735	17971	19384
